 0.500000  0.792893  0.792893  0.500000  0.207107  0.500000  0.500000  1.207107  0.500000  0.207107  0.792893  1.500000  0.207107  1.500000  1.207107  0.500000  9.792893  0.500000
 0.207107  0.500000  0.500000  0.792893  0.500000  0.207107  9.792893  0.500000  0.792893  0.500000  9.500000  0.792893  9.500000  0.207107  0.500000  1.207107  0.500000  9.792893
 0.500000  0.207107  0.207107  0.500000  0.792893  0.500000  0.500000  9.792893  0.500000  0.792893  0.207107  9.500000  0.792893  9.500000  1.207107  0.500000  9.792893  0.500000
 0.792893  0.500000  0.500000  0.792893  0.500000  0.207107  1.207107  0.500000  0.207107  0.500000  1.500000  0.792893  1.500000  0.207107  0.500000  1.207107  0.500000  9.792893
 1.500000  0.792893  1.792893  0.500000  1.207107  0.500000  1.500000  1.207107  1.500000  0.207107  1.792893  1.500000  1.207107  1.500000  2.207107  0.500000  0.792893  0.500000
 1.207107  0.500000  1.500000  0.792893  1.500000  0.207107  0.792893  0.500000  1.792893  0.500000  0.500000  0.792893  0.500000  0.207107  1.500000  1.207107  1.500000  9.792893
 1.500000  0.207107  1.207107  0.500000  1.792893  0.500000  1.500000  9.792893  1.500000  0.792893  1.207107  9.500000  1.792893  9.500000  2.207107  0.500000  0.792893  0.500000
 1.792893  0.500000  1.500000  0.792893  1.500000  0.207107  2.207107  0.500000  1.207107  0.500000  2.500000  0.792893  2.500000  0.207107  1.500000  1.207107  1.500000  9.792893
 9.500000  0.792893  9.792893  0.500000  9.207107  0.500000  9.500000  1.207107  9.500000  0.207107  9.792893  1.500000  9.207107  1.500000  0.207107  0.500000  8.792893  0.500000
 9.207107  0.500000  9.500000  0.792893  9.500000  0.207107  8.792893  0.500000  9.792893  0.500000  8.500000  0.792893  8.500000  0.207107  9.500000  1.207107  9.500000  9.792893
 9.500000  0.207107  9.207107  0.500000  9.792893  0.500000  9.500000  9.792893  9.500000  0.792893  9.207107  9.500000  9.792893  9.500000  0.207107  0.500000  8.792893  0.500000
 9.792893  0.500000  9.500000  0.792893  9.500000  0.207107  0.207107  0.500000  9.207107  0.500000  0.500000  0.792893  0.500000  0.207107  9.500000  1.207107  9.500000  9.792893
 0.500000  1.792893  0.792893  1.500000  0.207107  1.500000  0.500000  2.207107  0.500000  1.207107  0.792893  2.500000  0.207107  2.500000  1.207107  1.500000  9.792893  1.500000
 0.207107  1.500000  0.500000  1.792893  0.500000  1.207107  9.792893  1.500000  0.792893  1.500000  9.500000  1.792893  9.500000  1.207107  0.500000  2.207107  0.500000  0.792893
 0.500000  1.207107  0.207107  1.500000  0.792893  1.500000  0.500000  0.792893  0.500000  1.792893  0.207107  0.500000  0.792893  0.500000  1.207107  1.500000  9.792893  1.500000
 0.792893  1.500000  0.500000  1.792893  0.500000  1.207107  1.207107  1.500000  0.207107  1.500000  1.500000  1.792893  1.500000  1.207107  0.500000  2.207107  0.500000  0.792893
 0.500000  9.792893  0.792893  9.500000  0.207107  9.500000  0.500000  0.207107  0.500000  9.207107  0.792893  0.500000  0.207107  0.500000  1.207107  9.500000  9.792893  9.500000
 0.207107  9.500000  0.500000  9.792893  0.500000  9.207107  9.792893  9.500000  0.792893  9.500000  9.500000  9.792893  9.500000  9.207107  0.500000  0.207107  0.500000  8.792893
 0.500000  9.207107  0.207107  9.500000  0.792893  9.500000  0.500000  8.792893  0.500000  9.792893  0.207107  8.500000  0.792893  8.500000  1.207107  9.500000  9.792893  9.500000
 0.792893  9.500000  0.500000  9.792893  0.500000  9.207107  1.207107  9.500000  0.207107  9.500000  1.500000  9.792893  1.500000  9.207107  0.500000  0.207107  0.500000  8.792893
 2.500000  0.792893  2.792893  0.500000  2.207107  0.500000  2.500000  1.207107  2.500000  0.207107  2.792893  1.500000  2.207107  1.500000  3.207107  0.500000  1.792893  0.500000
 2.207107  0.500000  2.500000  0.792893  2.500000  0.207107  1.792893  0.500000  2.792893  0.500000  1.500000  0.792893  1.500000  0.207107  2.500000  1.207107  2.500000  9.792893
 2.500000  0.207107  2.207107  0.500000  2.792893  0.500000  2.500000  9.792893  2.500000  0.792893  2.207107  9.500000  2.792893  9.500000  3.207107  0.500000  1.792893  0.500000
 2.792893  0.500000  2.500000  0.792893  2.500000  0.207107  3.207107  0.500000  2.207107  0.500000  3.500000  0.792893  3.500000  0.207107  2.500000  1.207107  2.500000  9.792893
 1.500000  1.792893  1.792893  1.500000  1.207107  1.500000  1.500000  2.207107  1.500000  1.207107  1.792893  2.500000  1.207107  2.500000  2.207107  1.500000  0.792893  1.500000
 1.207107  1.500000  1.500000  1.792893  1.500000  1.207107  0.792893  1.500000  1.792893  1.500000  0.500000  1.792893  0.500000  1.207107  1.500000  2.207107  1.500000  0.792893
 1.500000  1.207107  1.207107  1.500000  1.792893  1.500000  1.500000  0.792893  1.500000  1.792893  1.207107  0.500000  1.792893  0.500000  2.207107  1.500000  0.792893  1.500000
 1.792893  1.500000  1.500000  1.792893  1.500000  1.207107  2.207107  1.500000  1.207107  1.500000  2.500000  1.792893  2.500000  1.207107  1.500000  2.207107  1.500000  0.792893
 1.500000  9.792893  1.792893  9.500000  1.207107  9.500000  1.500000  0.207107  1.500000  9.207107  1.792893  0.500000  1.207107  0.500000  2.207107  9.500000  0.792893  9.500000
 1.207107  9.500000  1.500000  9.792893  1.500000  9.207107  0.792893  9.500000  1.792893  9.500000  0.500000  9.792893  0.500000  9.207107  1.500000  0.207107  1.500000  8.792893
 1.500000  9.207107  1.207107  9.500000  1.792893  9.500000  1.500000  8.792893  1.500000  9.792893  1.207107  8.500000  1.792893  8.500000  2.207107  9.500000  0.792893  9.500000
 1.792893  9.500000  1.500000  9.792893  1.500000  9.207107  2.207107  9.500000  1.207107  9.500000  2.500000  9.792893  2.500000  9.207107  1.500000  0.207107  1.500000  8.792893
 8.500000  0.792893  8.792893  0.500000  8.207107  0.500000  8.500000  1.207107  8.500000  0.207107  8.792893  1.500000  8.207107  1.500000  9.207107  0.500000  7.792893  0.500000
 8.207107  0.500000  8.500000  0.792893  8.500000  0.207107  7.792893  0.500000  8.792893  0.500000  7.500000  0.792893  7.500000  0.207107  8.500000  1.207107  8.500000  9.792893
 8.500000  0.207107  8.207107  0.500000  8.792893  0.500000  8.500000  9.792893  8.500000  0.792893  8.207107  9.500000  8.792893  9.500000  9.207107  0.500000  7.792893  0.500000
 8.792893  0.500000  8.500000  0.792893  8.500000  0.207107  9.207107  0.500000  8.207107  0.500000  9.500000  0.792893  9.500000  0.207107  8.500000  1.207107  8.500000  9.792893
 9.500000  1.792893  9.792893  1.500000  9.207107  1.500000  9.500000  2.207107  9.500000  1.207107  9.792893  2.500000  9.207107  2.500000  0.207107  1.500000  8.792893  1.500000
 9.207107  1.500000  9.500000  1.792893  9.500000  1.207107  8.792893  1.500000  9.792893  1.500000  8.500000  1.792893  8.500000  1.207107  9.500000  2.207107  9.500000  0.792893
 9.500000  1.207107  9.207107  1.500000  9.792893  1.500000  9.500000  0.792893  9.500000  1.792893  9.207107  0.500000  9.792893  0.500000  0.207107  1.500000  8.792893  1.500000
 9.792893  1.500000  9.500000  1.792893  9.500000  1.207107  0.207107  1.500000  9.207107  1.500000  0.500000  1.792893  0.500000  1.207107  9.500000  2.207107  9.500000  0.792893
 9.500000  9.792893  9.792893  9.500000  9.207107  9.500000  9.500000  0.207107  9.500000  9.207107  9.792893  0.500000  9.207107  0.500000  0.207107  9.500000  8.792893  9.500000
 9.207107  9.500000  9.500000  9.792893  9.500000  9.207107  8.792893  9.500000  9.792893  9.500000  8.500000  9.792893  8.500000  9.207107  9.500000  0.207107  9.500000  8.792893
 9.500000  9.207107  9.207107  9.500000  9.792893  9.500000  9.500000  8.792893  9.500000  9.792893  9.207107  8.500000  9.792893  8.500000  0.207107  9.500000  8.792893  9.500000
 9.792893  9.500000  9.500000  9.792893  9.500000  9.207107  0.207107  9.500000  9.207107  9.500000  0.500000  9.792893  0.500000  9.207107  9.500000  0.207107  9.500000  8.792893
 0.500000  2.792893  0.792893  2.500000  0.207107  2.500000  0.500000  3.207107  0.500000  2.207107  0.792893  3.500000  0.207107  3.500000  1.207107  2.500000  9.792893  2.500000
 0.207107  2.500000  0.500000  2.792893  0.500000  2.207107  9.792893  2.500000  0.792893  2.500000  9.500000  2.792893  9.500000  2.207107  0.500000  3.207107  0.500000  1.792893
 0.500000  2.207107  0.207107  2.500000  0.792893  2.500000  0.500000  1.792893  0.500000  2.792893  0.207107  1.500000  0.792893  1.500000  1.207107  2.500000  9.792893  2.500000
 0.792893  2.500000  0.500000  2.792893  0.500000  2.207107  1.207107  2.500000  0.207107  2.500000  1.500000  2.792893  1.500000  2.207107  0.500000  3.207107  0.500000  1.792893
 0.500000  8.792893  0.792893  8.500000  0.207107  8.500000  0.500000  9.207107  0.500000  8.207107  0.792893  9.500000  0.207107  9.500000  1.207107  8.500000  9.792893  8.500000
 0.207107  8.500000  0.500000  8.792893  0.500000  8.207107  9.792893  8.500000  0.792893  8.500000  9.500000  8.792893  9.500000  8.207107  0.500000  9.207107  0.500000  7.792893
 0.500000  8.207107  0.207107  8.500000  0.792893  8.500000  0.500000  7.792893  0.500000  8.792893  0.207107  7.500000  0.792893  7.500000  1.207107  8.500000  9.792893  8.500000
 0.792893  8.500000  0.500000  8.792893  0.500000  8.207107  1.207107  8.500000  0.207107  8.500000  1.500000  8.792893  1.500000  8.207107  0.500000  9.207107  0.500000  7.792893
 3.500000  0.792893  3.792893  0.500000  3.207107  0.500000  3.500000  1.207107  3.500000  0.207107  3.792893  1.500000  3.207107  1.500000  4.207107  0.500000  2.792893  0.500000
 3.207107  0.500000  3.500000  0.792893  3.500000  0.207107  2.792893  0.500000  3.792893  0.500000  2.500000  0.792893  2.500000  0.207107  3.500000  1.207107  3.500000  9.792893
 3.500000  0.207107  3.207107  0.500000  3.792893  0.500000  3.500000  9.792893  3.500000  0.792893  3.207107  9.500000  3.792893  9.500000  4.207107  0.500000  2.792893  0.500000
 3.792893  0.500000  3.500000  0.792893  3.500000  0.207107  4.207107  0.500000  3.207107  0.500000  4.500000  0.792893  4.500000  0.207107  3.500000  1.207107  3.500000  9.792893
 2.500000  1.792893  2.792893  1.500000  2.207107  1.500000  2.500000  2.207107  2.500000  1.207107  2.792893  2.500000  2.207107  2.500000  3.207107  1.500000  1.792893  1.500000
 2.207107  1.500000  2.500000  1.792893  2.500000  1.207107  1.792893  1.500000  2.792893  1.500000  1.500000  1.792893  1.500000  1.207107  2.500000  2.207107  2.500000  0.792893
 2.500000  1.207107  2.207107  1.500000  2.792893  1.500000  2.500000  0.792893  2.500000  1.792893  2.207107  0.500000  2.792893  0.500000  3.207107  1.500000  1.792893  1.500000
 2.792893  1.500000  2.500000  1.792893  2.500000  1.207107  3.207107  1.500000  2.207107  1.500000  3.500000  1.792893  3.500000  1.207107  2.500000  2.207107  2.500000  0.792893
 2.500000  9.792893  2.792893  9.500000  2.207107  9.500000  2.500000  0.207107  2.500000  9.207107  2.792893  0.500000  2.207107  0.500000  3.207107  9.500000  1.792893  9.500000
 2.207107  9.500000  2.500000  9.792893  2.500000  9.207107  1.792893  9.500000  2.792893  9.500000  1.500000  9.792893  1.500000  9.207107  2.500000  0.207107  2.500000  8.792893
 2.500000  9.207107  2.207107  9.500000  2.792893  9.500000  2.500000  8.792893  2.500000  9.792893  2.207107  8.500000  2.792893  8.500000  3.207107  9.500000  1.792893  9.500000
 2.792893  9.500000  2.500000  9.792893  2.500000  9.207107  3.207107  9.500000  2.207107  9.500000  3.500000  9.792893  3.500000  9.207107  2.500000  0.207107  2.500000  8.792893
 1.500000  2.792893  1.792893  2.500000  1.207107  2.500000  1.500000  3.207107  1.500000  2.207107  1.792893  3.500000  1.207107  3.500000  2.207107  2.500000  0.792893  2.500000
 1.207107  2.500000  1.500000  2.792893  1.500000  2.207107  0.792893  2.500000  1.792893  2.500000  0.500000  2.792893  0.500000  2.207107  1.500000  3.207107  1.500000  1.792893
 1.500000  2.207107  1.207107  2.500000  1.792893  2.500000  1.500000  1.792893  1.500000  2.792893  1.207107  1.500000  1.792893  1.500000  2.207107  2.500000  0.792893  2.500000
 1.792893  2.500000  1.500000  2.792893  1.500000  2.207107  2.207107  2.500000  1.207107  2.500000  2.500000  2.792893  2.500000  2.207107  1.500000  3.207107  1.500000  1.792893
 1.500000  8.792893  1.792893  8.500000  1.207107  8.500000  1.500000  9.207107  1.500000  8.207107  1.792893  9.500000  1.207107  9.500000  2.207107  8.500000  0.792893  8.500000
 1.207107  8.500000  1.500000  8.792893  1.500000  8.207107  0.792893  8.500000  1.792893  8.500000  0.500000  8.792893  0.500000  8.207107  1.500000  9.207107  1.500000  7.792893
 1.500000  8.207107  1.207107  8.500000  1.792893  8.500000  1.500000  7.792893  1.500000  8.792893  1.207107  7.500000  1.792893  7.500000  2.207107  8.500000  0.792893  8.500000
 1.792893  8.500000  1.500000  8.792893  1.500000  8.207107  2.207107  8.500000  1.207107  8.500000  2.500000  8.792893  2.500000  8.207107  1.500000  9.207107  1.500000  7.792893
 7.500000  0.792893  7.792893  0.500000  7.207107  0.500000  7.500000  1.207107  7.500000  0.207107  7.792893  1.500000  7.207107  1.500000  8.207107  0.500000  6.792893  0.500000
 7.207107  0.500000  7.500000  0.792893  7.500000  0.207107  6.792893  0.500000  7.792893  0.500000  6.500000  0.792893  6.500000  0.207107  7.500000  1.207107  7.500000  9.792893
 7.500000  0.207107  7.207107  0.500000  7.792893  0.500000  7.500000  9.792893  7.500000  0.792893  7.207107  9.500000  7.792893  9.500000  8.207107  0.500000  6.792893  0.500000
 7.792893  0.500000  7.500000  0.792893  7.500000  0.207107  8.207107  0.500000  7.207107  0.500000  8.500000  0.792893  8.500000  0.207107  7.500000  1.207107  7.500000  9.792893
 8.500000  1.792893  8.792893  1.500000  8.207107  1.500000  8.500000  2.207107  8.500000  1.207107  8.792893  2.500000  8.207107  2.500000  9.207107  1.500000  7.792893  1.500000
 8.207107  1.500000  8.500000  1.792893  8.500000  1.207107  7.792893  1.500000  8.792893  1.500000  7.500000  1.792893  7.500000  1.207107  8.500000  2.207107  8.500000  0.792893
 8.500000  1.207107  8.207107  1.500000  8.792893  1.500000  8.500000  0.792893  8.500000  1.792893  8.207107  0.500000  8.792893  0.500000  9.207107  1.500000  7.792893  1.500000
 8.792893  1.500000  8.500000  1.792893  8.500000  1.207107  9.207107  1.500000  8.207107  1.500000  9.500000  1.792893  9.500000  1.207107  8.500000  2.207107  8.500000  0.792893
 8.500000  9.792893  8.792893  9.500000  8.207107  9.500000  8.500000  0.207107  8.500000  9.207107  8.792893  0.500000  8.207107  0.500000  9.207107  9.500000  7.792893  9.500000
 8.207107  9.500000  8.500000  9.792893  8.500000  9.207107  7.792893  9.500000  8.792893  9.500000  7.500000  9.792893  7.500000  9.207107  8.500000  0.207107  8.500000  8.792893
 8.500000  9.207107  8.207107  9.500000  8.792893  9.500000  8.500000  8.792893  8.500000  9.792893  8.207107  8.500000  8.792893  8.500000  9.207107  9.500000  7.792893  9.500000
 8.792893  9.500000  8.500000  9.792893  8.500000  9.207107  9.207107  9.500000  8.207107  9.500000  9.500000  9.792893  9.500000  9.207107  8.500000  0.207107  8.500000  8.792893
 9.500000  2.792893  9.792893  2.500000  9.207107  2.500000  9.500000  3.207107  9.500000  2.207107  9.792893  3.500000  9.207107  3.500000  0.207107  2.500000  8.792893  2.500000
 9.207107  2.500000  9.500000  2.792893  9.500000  2.207107  8.792893  2.500000  9.792893  2.500000  8.500000  2.792893  8.500000  2.207107  9.500000  3.207107  9.500000  1.792893
 9.500000  2.207107  9.207107  2.500000  9.792893  2.500000  9.500000  1.792893  9.500000  2.792893  9.207107  1.500000  9.792893  1.500000  0.207107  2.500000  8.792893  2.500000
 9.792893  2.500000  9.500000  2.792893  9.500000  2.207107  0.207107  2.500000  9.207107  2.500000  0.500000  2.792893  0.500000  2.207107  9.500000  3.207107  9.500000  1.792893
 9.500000  8.792893  9.792893  8.500000  9.207107  8.500000  9.500000  9.207107  9.500000  8.207107  9.792893  9.500000  9.207107  9.500000  0.207107  8.500000  8.792893  8.500000
 9.207107  8.500000  9.500000  8.792893  9.500000  8.207107  8.792893  8.500000  9.792893  8.500000  8.500000  8.792893  8.500000  8.207107  9.500000  9.207107  9.500000  7.792893
 9.500000  8.207107  9.207107  8.500000  9.792893  8.500000  9.500000  7.792893  9.500000  8.792893  9.207107  7.500000  9.792893  7.500000  0.207107  8.500000  8.792893  8.500000
 9.792893  8.500000  9.500000  8.792893  9.500000  8.207107  0.207107  8.500000  9.207107  8.500000  0.500000  8.792893  0.500000  8.207107  9.500000  9.207107  9.500000  7.792893
 0.500000  3.792893  0.792893  3.500000  0.207107  3.500000  0.500000  4.207107  0.500000  3.207107  0.792893  4.500000  0.207107  4.500000  1.207107  3.500000  9.792893  3.500000
 0.207107  3.500000  0.500000  3.792893  0.500000  3.207107  9.792893  3.500000  0.792893  3.500000  9.500000  3.792893  9.500000  3.207107  0.500000  4.207107  0.500000  2.792893
 0.500000  3.207107  0.207107  3.500000  0.792893  3.500000  0.500000  2.792893  0.500000  3.792893  0.207107  2.500000  0.792893  2.500000  1.207107  3.500000  9.792893  3.500000
 0.792893  3.500000  0.500000  3.792893  0.500000  3.207107  1.207107  3.500000  0.207107  3.500000  1.500000  3.792893  1.500000  3.207107  0.500000  4.207107  0.500000  2.792893
 0.500000  7.792893  0.792893  7.500000  0.207107  7.500000  0.500000  8.207107  0.500000  7.207107  0.792893  8.500000  0.207107  8.500000  1.207107  7.500000  9.792893  7.500000
 0.207107  7.500000  0.500000  7.792893  0.500000  7.207107  9.792893  7.500000  0.792893  7.500000  9.500000  7.792893  9.500000  7.207107  0.500000  8.207107  0.500000  6.792893
 0.500000  7.207107  0.207107  7.500000  0.792893  7.500000  0.500000  6.792893  0.500000  7.792893  0.207107  6.500000  0.792893  6.500000  1.207107  7.500000  9.792893  7.500000
 0.792893  7.500000  0.500000  7.792893  0.500000  7.207107  1.207107  7.500000  0.207107  7.500000  1.500000  7.792893  1.500000  7.207107  0.500000  8.207107  0.500000  6.792893
 4.500000  0.792893  4.792893  0.500000  4.207107  0.500000  4.500000  1.207107  4.500000  0.207107  4.792893  1.500000  4.207107  1.500000  5.207107  0.500000  3.792893  0.500000
 4.207107  0.500000  4.500000  0.792893  4.500000  0.207107  3.792893  0.500000  4.792893  0.500000  3.500000  0.792893  3.500000  0.207107  4.500000  1.207107  4.500000  9.792893
 4.500000  0.207107  4.207107  0.500000  4.792893  0.500000  4.500000  9.792893  4.500000  0.792893  4.207107  9.500000  4.792893  9.500000  5.207107  0.500000  3.792893  0.500000
 4.792893  0.500000  4.500000  0.792893  4.500000  0.207107  5.207107  0.500000  4.207107  0.500000  5.500000  0.792893  5.500000  0.207107  4.500000  1.207107  4.500000  9.792893
 3.500000  1.792893  3.792893  1.500000  3.207107  1.500000  3.500000  2.207107  3.500000  1.207107  3.792893  2.500000  3.207107  2.500000  4.207107  1.500000  2.792893  1.500000
 3.207107  1.500000  3.500000  1.792893  3.500000  1.207107  2.792893  1.500000  3.792893  1.500000  2.500000  1.792893  2.500000  1.207107  3.500000  2.207107  3.500000  0.792893
 3.500000  1.207107  3.207107  1.500000  3.792893  1.500000  3.500000  0.792893  3.500000  1.792893  3.207107  0.500000  3.792893  0.500000  4.207107  1.500000  2.792893  1.500000
 3.792893  1.500000  3.500000  1.792893  3.500000  1.207107  4.207107  1.500000  3.207107  1.500000  4.500000  1.792893  4.500000  1.207107  3.500000  2.207107  3.500000  0.792893
 3.500000  9.792893  3.792893  9.500000  3.207107  9.500000  3.500000  0.207107  3.500000  9.207107  3.792893  0.500000  3.207107  0.500000  4.207107  9.500000  2.792893  9.500000
 3.207107  9.500000  3.500000  9.792893  3.500000  9.207107  2.792893  9.500000  3.792893  9.500000  2.500000  9.792893  2.500000  9.207107  3.500000  0.207107  3.500000  8.792893
 3.500000  9.207107  3.207107  9.500000  3.792893  9.500000  3.500000  8.792893  3.500000  9.792893  3.207107  8.500000  3.792893  8.500000  4.207107  9.500000  2.792893  9.500000
 3.792893  9.500000  3.500000  9.792893  3.500000  9.207107  4.207107  9.500000  3.207107  9.500000  4.500000  9.792893  4.500000  9.207107  3.500000  0.207107  3.500000  8.792893
 2.500000  2.792893  2.792893  2.500000  2.207107  2.500000  2.500000  3.207107  2.500000  2.207107  2.792893  3.500000  2.207107  3.500000  3.207107  2.500000  1.792893  2.500000
 2.207107  2.500000  2.500000  2.792893  2.500000  2.207107  1.792893  2.500000  2.792893  2.500000  1.500000  2.792893  1.500000  2.207107  2.500000  3.207107  2.500000  1.792893
 2.500000  2.207107  2.207107  2.500000  2.792893  2.500000  2.500000  1.792893  2.500000  2.792893  2.207107  1.500000  2.792893  1.500000  3.207107  2.500000  1.792893  2.500000
 2.792893  2.500000  2.500000  2.792893  2.500000  2.207107  3.207107  2.500000  2.207107  2.500000  3.500000  2.792893  3.500000  2.207107  2.500000  3.207107  2.500000  1.792893
 2.500000  8.792893  2.792893  8.500000  2.207107  8.500000  2.500000  9.207107  2.500000  8.207107  2.792893  9.500000  2.207107  9.500000  3.207107  8.500000  1.792893  8.500000
 2.207107  8.500000  2.500000  8.792893  2.500000  8.207107  1.792893  8.500000  2.792893  8.500000  1.500000  8.792893  1.500000  8.207107  2.500000  9.207107  2.500000  7.792893
 2.500000  8.207107  2.207107  8.500000  2.792893  8.500000  2.500000  7.792893  2.500000  8.792893  2.207107  7.500000  2.792893  7.500000  3.207107  8.500000  1.792893  8.500000
 2.792893  8.500000  2.500000  8.792893  2.500000  8.207107  3.207107  8.500000  2.207107  8.500000  3.500000  8.792893  3.500000  8.207107  2.500000  9.207107  2.500000  7.792893
 1.500000  3.792893  1.792893  3.500000  1.207107  3.500000  1.500000  4.207107  1.500000  3.207107  1.792893  4.500000  1.207107  4.500000  2.207107  3.500000  0.792893  3.500000
 1.207107  3.500000  1.500000  3.792893  1.500000  3.207107  0.792893  3.500000  1.792893  3.500000  0.500000  3.792893  0.500000  3.207107  1.500000  4.207107  1.500000  2.792893
 1.500000  3.207107  1.207107  3.500000  1.792893  3.500000  1.500000  2.792893  1.500000  3.792893  1.207107  2.500000  1.792893  2.500000  2.207107  3.500000  0.792893  3.500000
 1.792893  3.500000  1.500000  3.792893  1.500000  3.207107  2.207107  3.500000  1.207107  3.500000  2.500000  3.792893  2.500000  3.207107  1.500000  4.207107  1.500000  2.792893
 1.500000  7.792893  1.792893  7.500000  1.207107  7.500000  1.500000  8.207107  1.500000  7.207107  1.792893  8.500000  1.207107  8.500000  2.207107  7.500000  0.792893  7.500000
 1.207107  7.500000  1.500000  7.792893  1.500000  7.207107  0.792893  7.500000  1.792893  7.500000  0.500000  7.792893  0.500000  7.207107  1.500000  8.207107  1.500000  6.792893
 1.500000  7.207107  1.207107  7.500000  1.792893  7.500000  1.500000  6.792893  1.500000  7.792893  1.207107  6.500000  1.792893  6.500000  2.207107  7.500000  0.792893  7.500000
 1.792893  7.500000  1.500000  7.792893  1.500000  7.207107  2.207107  7.500000  1.207107  7.500000  2.500000  7.792893  2.500000  7.207107  1.500000  8.207107  1.500000  6.792893
 6.500000  0.792893  6.792893  0.500000  6.207107  0.500000  6.500000  1.207107  6.500000  0.207107  6.792893  1.500000  6.207107  1.500000  7.207107  0.500000  5.792893  0.500000
 6.207107  0.500000  6.500000  0.792893  6.500000  0.207107  5.792893  0.500000  6.792893  0.500000  5.500000  0.792893  5.500000  0.207107  6.500000  1.207107  6.500000  9.792893
 6.500000  0.207107  6.207107  0.500000  6.792893  0.500000  6.500000  9.792893  6.500000  0.792893  6.207107  9.500000  6.792893  9.500000  7.207107  0.500000  5.792893  0.500000
 6.792893  0.500000  6.500000  0.792893  6.500000  0.207107  7.207107  0.500000  6.207107  0.500000  7.500000  0.792893  7.500000  0.207107  6.500000  1.207107  6.500000  9.792893
 7.500000  1.792893  7.792893  1.500000  7.207107  1.500000  7.500000  2.207107  7.500000  1.207107  7.792893  2.500000  7.207107  2.500000  8.207107  1.500000  6.792893  1.500000
 7.207107  1.500000  7.500000  1.792893  7.500000  1.207107  6.792893  1.500000  7.792893  1.500000  6.500000  1.792893  6.500000  1.207107  7.500000  2.207107  7.500000  0.792893
 7.500000  1.207107  7.207107  1.500000  7.792893  1.500000  7.500000  0.792893  7.500000  1.792893  7.207107  0.500000  7.792893  0.500000  8.207107  1.500000  6.792893  1.500000
 7.792893  1.500000  7.500000  1.792893  7.500000  1.207107  8.207107  1.500000  7.207107  1.500000  8.500000  1.792893  8.500000  1.207107  7.500000  2.207107  7.500000  0.792893
 7.500000  9.792893  7.792893  9.500000  7.207107  9.500000  7.500000  0.207107  7.500000  9.207107  7.792893  0.500000  7.207107  0.500000  8.207107  9.500000  6.792893  9.500000
 7.207107  9.500000  7.500000  9.792893  7.500000  9.207107  6.792893  9.500000  7.792893  9.500000  6.500000  9.792893  6.500000  9.207107  7.500000  0.207107  7.500000  8.792893
 7.500000  9.207107  7.207107  9.500000  7.792893  9.500000  7.500000  8.792893  7.500000  9.792893  7.207107  8.500000  7.792893  8.500000  8.207107  9.500000  6.792893  9.500000
 7.792893  9.500000  7.500000  9.792893  7.500000  9.207107  8.207107  9.500000  7.207107  9.500000  8.500000  9.792893  8.500000  9.207107  7.500000  0.207107  7.500000  8.792893
 8.500000  2.792893  8.792893  2.500000  8.207107  2.500000  8.500000  3.207107  8.500000  2.207107  8.792893  3.500000  8.207107  3.500000  9.207107  2.500000  7.792893  2.500000
 8.207107  2.500000  8.500000  2.792893  8.500000  2.207107  7.792893  2.500000  8.792893  2.500000  7.500000  2.792893  7.500000  2.207107  8.500000  3.207107  8.500000  1.792893
 8.500000  2.207107  8.207107  2.500000  8.792893  2.500000  8.500000  1.792893  8.500000  2.792893  8.207107  1.500000  8.792893  1.500000  9.207107  2.500000  7.792893  2.500000
 8.792893  2.500000  8.500000  2.792893  8.500000  2.207107  9.207107  2.500000  8.207107  2.500000  9.500000  2.792893  9.500000  2.207107  8.500000  3.207107  8.500000  1.792893
 8.500000  8.792893  8.792893  8.500000  8.207107  8.500000  8.500000  9.207107  8.500000  8.207107  8.792893  9.500000  8.207107  9.500000  9.207107  8.500000  7.792893  8.500000
 8.207107  8.500000  8.500000  8.792893  8.500000  8.207107  7.792893  8.500000  8.792893  8.500000  7.500000  8.792893  7.500000  8.207107  8.500000  9.207107  8.500000  7.792893
 8.500000  8.207107  8.207107  8.500000  8.792893  8.500000  8.500000  7.792893  8.500000  8.792893  8.207107  7.500000  8.792893  7.500000  9.207107  8.500000  7.792893  8.500000
 8.792893  8.500000  8.500000  8.792893  8.500000  8.207107  9.207107  8.500000  8.207107  8.500000  9.500000  8.792893  9.500000  8.207107  8.500000  9.207107  8.500000  7.792893
 9.500000  3.792893  9.792893  3.500000  9.207107  3.500000  9.500000  4.207107  9.500000  3.207107  9.792893  4.500000  9.207107  4.500000  0.207107  3.500000  8.792893  3.500000
 9.207107  3.500000  9.500000  3.792893  9.500000  3.207107  8.792893  3.500000  9.792893  3.500000  8.500000  3.792893  8.500000  3.207107  9.500000  4.207107  9.500000  2.792893
 9.500000  3.207107  9.207107  3.500000  9.792893  3.500000  9.500000  2.792893  9.500000  3.792893  9.207107  2.500000  9.792893  2.500000  0.207107  3.500000  8.792893  3.500000
 9.792893  3.500000  9.500000  3.792893  9.500000  3.207107  0.207107  3.500000  9.207107  3.500000  0.500000  3.792893  0.500000  3.207107  9.500000  4.207107  9.500000  2.792893
 9.500000  7.792893  9.792893  7.500000  9.207107  7.500000  9.500000  8.207107  9.500000  7.207107  9.792893  8.500000  9.207107  8.500000  0.207107  7.500000  8.792893  7.500000
 9.207107  7.500000  9.500000  7.792893  9.500000  7.207107  8.792893  7.500000  9.792893  7.500000  8.500000  7.792893  8.500000  7.207107  9.500000  8.207107  9.500000  6.792893
 9.500000  7.207107  9.207107  7.500000  9.792893  7.500000  9.500000  6.792893  9.500000  7.792893  9.207107  6.500000  9.792893  6.500000  0.207107  7.500000  8.792893  7.500000
 9.792893  7.500000  9.500000  7.792893  9.500000  7.207107  0.207107  7.500000  9.207107  7.500000  0.500000  7.792893  0.500000  7.207107  9.500000  8.207107  9.500000  6.792893
 0.500000  4.792893  0.792893  4.500000  0.207107  4.500000  0.500000  5.207107  0.500000  4.207107  0.792893  5.500000  0.207107  5.500000  1.207107  4.500000  9.792893  4.500000
 0.207107  4.500000  0.500000  4.792893  0.500000  4.207107  9.792893  4.500000  0.792893  4.500000  9.500000  4.792893  9.500000  4.207107  0.500000  5.207107  0.500000  3.792893
 0.500000  4.207107  0.207107  4.500000  0.792893  4.500000  0.500000  3.792893  0.500000  4.792893  0.207107  3.500000  0.792893  3.500000  1.207107  4.500000  9.792893  4.500000
 0.792893  4.500000  0.500000  4.792893  0.500000  4.207107  1.207107  4.500000  0.207107  4.500000  1.500000  4.792893  1.500000  4.207107  0.500000  5.207107  0.500000  3.792893
 0.500000  6.792893  0.792893  6.500000  0.207107  6.500000  0.500000  7.207107  0.500000  6.207107  0.792893  7.500000  0.207107  7.500000  1.207107  6.500000  9.792893  6.500000
 0.207107  6.500000  0.500000  6.792893  0.500000  6.207107  9.792893  6.500000  0.792893  6.500000  9.500000  6.792893  9.500000  6.207107  0.500000  7.207107  0.500000  5.792893
 0.500000  6.207107  0.207107  6.500000  0.792893  6.500000  0.500000  5.792893  0.500000  6.792893  0.207107  5.500000  0.792893  5.500000  1.207107  6.500000  9.792893  6.500000
 0.792893  6.500000  0.500000  6.792893  0.500000  6.207107  1.207107  6.500000  0.207107  6.500000  1.500000  6.792893  1.500000  6.207107  0.500000  7.207107  0.500000  5.792893
 5.500000  0.792893  5.792893  0.500000  5.207107  0.500000  5.500000  1.207107  5.500000  0.207107  5.792893  1.500000  5.207107  1.500000  6.207107  0.500000  4.792893  0.500000
 5.207107  0.500000  5.500000  0.792893  5.500000  0.207107  4.792893  0.500000  5.792893  0.500000  4.500000  0.792893  4.500000  0.207107  5.500000  1.207107  5.500000  9.792893
 5.500000  0.207107  5.207107  0.500000  5.792893  0.500000  5.500000  9.792893  5.500000  0.792893  5.207107  9.500000  5.792893  9.500000  6.207107  0.500000  4.792893  0.500000
 5.792893  0.500000  5.500000  0.792893  5.500000  0.207107  6.207107  0.500000  5.207107  0.500000  6.500000  0.792893  6.500000  0.207107  5.500000  1.207107  5.500000  9.792893
 4.500000  1.792893  4.792893  1.500000  4.207107  1.500000  4.500000  2.207107  4.500000  1.207107  4.792893  2.500000  4.207107  2.500000  5.207107  1.500000  3.792893  1.500000
 4.207107  1.500000  4.500000  1.792893  4.500000  1.207107  3.792893  1.500000  4.792893  1.500000  3.500000  1.792893  3.500000  1.207107  4.500000  2.207107  4.500000  0.792893
 4.500000  1.207107  4.207107  1.500000  4.792893  1.500000  4.500000  0.792893  4.500000  1.792893  4.207107  0.500000  4.792893  0.500000  5.207107  1.500000  3.792893  1.500000
 4.792893  1.500000  4.500000  1.792893  4.500000  1.207107  5.207107  1.500000  4.207107  1.500000  5.500000  1.792893  5.500000  1.207107  4.500000  2.207107  4.500000  0.792893
 4.500000  9.792893  4.792893  9.500000  4.207107  9.500000  4.500000  0.207107  4.500000  9.207107  4.792893  0.500000  4.207107  0.500000  5.207107  9.500000  3.792893  9.500000
 4.207107  9.500000  4.500000  9.792893  4.500000  9.207107  3.792893  9.500000  4.792893  9.500000  3.500000  9.792893  3.500000  9.207107  4.500000  0.207107  4.500000  8.792893
 4.500000  9.207107  4.207107  9.500000  4.792893  9.500000  4.500000  8.792893  4.500000  9.792893  4.207107  8.500000  4.792893  8.500000  5.207107  9.500000  3.792893  9.500000
 4.792893  9.500000  4.500000  9.792893  4.500000  9.207107  5.207107  9.500000  4.207107  9.500000  5.500000  9.792893  5.500000  9.207107  4.500000  0.207107  4.500000  8.792893
 3.500000  2.792893  3.792893  2.500000  3.207107  2.500000  3.500000  3.207107  3.500000  2.207107  3.792893  3.500000  3.207107  3.500000  4.207107  2.500000  2.792893  2.500000
 3.207107  2.500000  3.500000  2.792893  3.500000  2.207107  2.792893  2.500000  3.792893  2.500000  2.500000  2.792893  2.500000  2.207107  3.500000  3.207107  3.500000  1.792893
 3.500000  2.207107  3.207107  2.500000  3.792893  2.500000  3.500000  1.792893  3.500000  2.792893  3.207107  1.500000  3.792893  1.500000  4.207107  2.500000  2.792893  2.500000
 3.792893  2.500000  3.500000  2.792893  3.500000  2.207107  4.207107  2.500000  3.207107  2.500000  4.500000  2.792893  4.500000  2.207107  3.500000  3.207107  3.500000  1.792893
 3.500000  8.792893  3.792893  8.500000  3.207107  8.500000  3.500000  9.207107  3.500000  8.207107  3.792893  9.500000  3.207107  9.500000  4.207107  8.500000  2.792893  8.500000
 3.207107  8.500000  3.500000  8.792893  3.500000  8.207107  2.792893  8.500000  3.792893  8.500000  2.500000  8.792893  2.500000  8.207107  3.500000  9.207107  3.500000  7.792893
 3.500000  8.207107  3.207107  8.500000  3.792893  8.500000  3.500000  7.792893  3.500000  8.792893  3.207107  7.500000  3.792893  7.500000  4.207107  8.500000  2.792893  8.500000
 3.792893  8.500000  3.500000  8.792893  3.500000  8.207107  4.207107  8.500000  3.207107  8.500000  4.500000  8.792893  4.500000  8.207107  3.500000  9.207107  3.500000  7.792893
 2.500000  3.792893  2.792893  3.500000  2.207107  3.500000  2.500000  4.207107  2.500000  3.207107  2.792893  4.500000  2.207107  4.500000  3.207107  3.500000  1.792893  3.500000
 2.207107  3.500000  2.500000  3.792893  2.500000  3.207107  1.792893  3.500000  2.792893  3.500000  1.500000  3.792893  1.500000  3.207107  2.500000  4.207107  2.500000  2.792893
 2.500000  3.207107  2.207107  3.500000  2.792893  3.500000  2.500000  2.792893  2.500000  3.792893  2.207107  2.500000  2.792893  2.500000  3.207107  3.500000  1.792893  3.500000
 2.792893  3.500000  2.500000  3.792893  2.500000  3.207107  3.207107  3.500000  2.207107  3.500000  3.500000  3.792893  3.500000  3.207107  2.500000  4.207107  2.500000  2.792893
 2.500000  7.792893  2.792893  7.500000  2.207107  7.500000  2.500000  8.207107  2.500000  7.207107  2.792893  8.500000  2.207107  8.500000  3.207107  7.500000  1.792893  7.500000
 2.207107  7.500000  2.500000  7.792893  2.500000  7.207107  1.792893  7.500000  2.792893  7.500000  1.500000  7.792893  1.500000  7.207107  2.500000  8.207107  2.500000  6.792893
 2.500000  7.207107  2.207107  7.500000  2.792893  7.500000  2.500000  6.792893  2.500000  7.792893  2.207107  6.500000  2.792893  6.500000  3.207107  7.500000  1.792893  7.500000
 2.792893  7.500000  2.500000  7.792893  2.500000  7.207107  3.207107  7.500000  2.207107  7.500000  3.500000  7.792893  3.500000  7.207107  2.500000  8.207107  2.500000  6.792893
 1.500000  4.792893  1.792893  4.500000  1.207107  4.500000  1.500000  5.207107  1.500000  4.207107  1.792893  5.500000  1.207107  5.500000  2.207107  4.500000  0.792893  4.500000
 1.207107  4.500000  1.500000  4.792893  1.500000  4.207107  0.792893  4.500000  1.792893  4.500000  0.500000  4.792893  0.500000  4.207107  1.500000  5.207107  1.500000  3.792893
 1.500000  4.207107  1.207107  4.500000  1.792893  4.500000  1.500000  3.792893  1.500000  4.792893  1.207107  3.500000  1.792893  3.500000  2.207107  4.500000  0.792893  4.500000
 1.792893  4.500000  1.500000  4.792893  1.500000  4.207107  2.207107  4.500000  1.207107  4.500000  2.500000  4.792893  2.500000  4.207107  1.500000  5.207107  1.500000  3.792893
 1.500000  6.792893  1.792893  6.500000  1.207107  6.500000  1.500000  7.207107  1.500000  6.207107  1.792893  7.500000  1.207107  7.500000  2.207107  6.500000  0.792893  6.500000
 1.207107  6.500000  1.500000  6.792893  1.500000  6.207107  0.792893  6.500000  1.792893  6.500000  0.500000  6.792893  0.500000  6.207107  1.500000  7.207107  1.500000  5.792893
 1.500000  6.207107  1.207107  6.500000  1.792893  6.500000  1.500000  5.792893  1.500000  6.792893  1.207107  5.500000  1.792893  5.500000  2.207107  6.500000  0.792893  6.500000
 1.792893  6.500000  1.500000  6.792893  1.500000  6.207107  2.207107  6.500000  1.207107  6.500000  2.500000  6.792893  2.500000  6.207107  1.500000  7.207107  1.500000  5.792893
 6.500000  1.792893  6.792893  1.500000  6.207107  1.500000  6.500000  2.207107  6.500000  1.207107  6.792893  2.500000  6.207107  2.500000  7.207107  1.500000  5.792893  1.500000
 6.207107  1.500000  6.500000  1.792893  6.500000  1.207107  5.792893  1.500000  6.792893  1.500000  5.500000  1.792893  5.500000  1.207107  6.500000  2.207107  6.500000  0.792893
 6.500000  1.207107  6.207107  1.500000  6.792893  1.500000  6.500000  0.792893  6.500000  1.792893  6.207107  0.500000  6.792893  0.500000  7.207107  1.500000  5.792893  1.500000
 6.792893  1.500000  6.500000  1.792893  6.500000  1.207107  7.207107  1.500000  6.207107  1.500000  7.500000  1.792893  7.500000  1.207107  6.500000  2.207107  6.500000  0.792893
 6.500000  9.792893  6.792893  9.500000  6.207107  9.500000  6.500000  0.207107  6.500000  9.207107  6.792893  0.500000  6.207107  0.500000  7.207107  9.500000  5.792893  9.500000
 6.207107  9.500000  6.500000  9.792893  6.500000  9.207107  5.792893  9.500000  6.792893  9.500000  5.500000  9.792893  5.500000  9.207107  6.500000  0.207107  6.500000  8.792893
 6.500000  9.207107  6.207107  9.500000  6.792893  9.500000  6.500000  8.792893  6.500000  9.792893  6.207107  8.500000  6.792893  8.500000  7.207107  9.500000  5.792893  9.500000
 6.792893  9.500000  6.500000  9.792893  6.500000  9.207107  7.207107  9.500000  6.207107  9.500000  7.500000  9.792893  7.500000  9.207107  6.500000  0.207107  6.500000  8.792893
 7.500000  2.792893  7.792893  2.500000  7.207107  2.500000  7.500000  3.207107  7.500000  2.207107  7.792893  3.500000  7.207107  3.500000  8.207107  2.500000  6.792893  2.500000
 7.207107  2.500000  7.500000  2.792893  7.500000  2.207107  6.792893  2.500000  7.792893  2.500000  6.500000  2.792893  6.500000  2.207107  7.500000  3.207107  7.500000  1.792893
 7.500000  2.207107  7.207107  2.500000  7.792893  2.500000  7.500000  1.792893  7.500000  2.792893  7.207107  1.500000  7.792893  1.500000  8.207107  2.500000  6.792893  2.500000
 7.792893  2.500000  7.500000  2.792893  7.500000  2.207107  8.207107  2.500000  7.207107  2.500000  8.500000  2.792893  8.500000  2.207107  7.500000  3.207107  7.500000  1.792893
 7.500000  8.792893  7.792893  8.500000  7.207107  8.500000  7.500000  9.207107  7.500000  8.207107  7.792893  9.500000  7.207107  9.500000  8.207107  8.500000  6.792893  8.500000
 7.207107  8.500000  7.500000  8.792893  7.500000  8.207107  6.792893  8.500000  7.792893  8.500000  6.500000  8.792893  6.500000  8.207107  7.500000  9.207107  7.500000  7.792893
 7.500000  8.207107  7.207107  8.500000  7.792893  8.500000  7.500000  7.792893  7.500000  8.792893  7.207107  7.500000  7.792893  7.500000  8.207107  8.500000  6.792893  8.500000
 7.792893  8.500000  7.500000  8.792893  7.500000  8.207107  8.207107  8.500000  7.207107  8.500000  8.500000  8.792893  8.500000  8.207107  7.500000  9.207107  7.500000  7.792893
 8.500000  3.792893  8.792893  3.500000  8.207107  3.500000  8.500000  4.207107  8.500000  3.207107  8.792893  4.500000  8.207107  4.500000  9.207107  3.500000  7.792893  3.500000
 8.207107  3.500000  8.500000  3.792893  8.500000  3.207107  7.792893  3.500000  8.792893  3.500000  7.500000  3.792893  7.500000  3.207107  8.500000  4.207107  8.500000  2.792893
 8.500000  3.207107  8.207107  3.500000  8.792893  3.500000  8.500000  2.792893  8.500000  3.792893  8.207107  2.500000  8.792893  2.500000  9.207107  3.500000  7.792893  3.500000
 8.792893  3.500000  8.500000  3.792893  8.500000  3.207107  9.207107  3.500000  8.207107  3.500000  9.500000  3.792893  9.500000  3.207107  8.500000  4.207107  8.500000  2.792893
 8.500000  7.792893  8.792893  7.500000  8.207107  7.500000  8.500000  8.207107  8.500000  7.207107  8.792893  8.500000  8.207107  8.500000  9.207107  7.500000  7.792893  7.500000
 8.207107  7.500000  8.500000  7.792893  8.500000  7.207107  7.792893  7.500000  8.792893  7.500000  7.500000  7.792893  7.500000  7.207107  8.500000  8.207107  8.500000  6.792893
 8.500000  7.207107  8.207107  7.500000  8.792893  7.500000  8.500000  6.792893  8.500000  7.792893  8.207107  6.500000  8.792893  6.500000  9.207107  7.500000  7.792893  7.500000
 8.792893  7.500000  8.500000  7.792893  8.500000  7.207107  9.207107  7.500000  8.207107  7.500000  9.500000  7.792893  9.500000  7.207107  8.500000  8.207107  8.500000  6.792893
 9.500000  4.792893  9.792893  4.500000  9.207107  4.500000  9.500000  5.207107  9.500000  4.207107  9.792893  5.500000  9.207107  5.500000  0.207107  4.500000  8.792893  4.500000
 9.207107  4.500000  9.500000  4.792893  9.500000  4.207107  8.792893  4.500000  9.792893  4.500000  8.500000  4.792893  8.500000  4.207107  9.500000  5.207107  9.500000  3.792893
 9.500000  4.207107  9.207107  4.500000  9.792893  4.500000  9.500000  3.792893  9.500000  4.792893  9.207107  3.500000  9.792893  3.500000  0.207107  4.500000  8.792893  4.500000
 9.792893  4.500000  9.500000  4.792893  9.500000  4.207107  0.207107  4.500000  9.207107  4.500000  0.500000  4.792893  0.500000  4.207107  9.500000  5.207107  9.500000  3.792893
 9.500000  6.792893  9.792893  6.500000  9.207107  6.500000  9.500000  7.207107  9.500000  6.207107  9.792893  7.500000  9.207107  7.500000  0.207107  6.500000  8.792893  6.500000
 9.207107  6.500000  9.500000  6.792893  9.500000  6.207107  8.792893  6.500000  9.792893  6.500000  8.500000  6.792893  8.500000  6.207107  9.500000  7.207107  9.500000  5.792893
 9.500000  6.207107  9.207107  6.500000  9.792893  6.500000  9.500000  5.792893  9.500000  6.792893  9.207107  5.500000  9.792893  5.500000  0.207107  6.500000  8.792893  6.500000
 9.792893  6.500000  9.500000  6.792893  9.500000  6.207107  0.207107  6.500000  9.207107  6.500000  0.500000  6.792893  0.500000  6.207107  9.500000  7.207107  9.500000  5.792893
 0.500000  5.792893  0.792893  5.500000  0.207107  5.500000  0.500000  6.207107  0.500000  5.207107  0.792893  6.500000  0.207107  6.500000  1.207107  5.500000  9.792893  5.500000
 0.207107  5.500000  0.500000  5.792893  0.500000  5.207107  9.792893  5.500000  0.792893  5.500000  9.500000  5.792893  9.500000  5.207107  0.500000  6.207107  0.500000  4.792893
 0.500000  5.207107  0.207107  5.500000  0.792893  5.500000  0.500000  4.792893  0.500000  5.792893  0.207107  4.500000  0.792893  4.500000  1.207107  5.500000  9.792893  5.500000
 0.792893  5.500000  0.500000  5.792893  0.500000  5.207107  1.207107  5.500000  0.207107  5.500000  1.500000  5.792893  1.500000  5.207107  0.500000  6.207107  0.500000  4.792893
 5.500000  1.792893  5.792893  1.500000  5.207107  1.500000  5.500000  2.207107  5.500000  1.207107  5.792893  2.500000  5.207107  2.500000  6.207107  1.500000  4.792893  1.500000
 5.207107  1.500000  5.500000  1.792893  5.500000  1.207107  4.792893  1.500000  5.792893  1.500000  4.500000  1.792893  4.500000  1.207107  5.500000  2.207107  5.500000  0.792893
 5.500000  1.207107  5.207107  1.500000  5.792893  1.500000  5.500000  0.792893  5.500000  1.792893  5.207107  0.500000  5.792893  0.500000  6.207107  1.500000  4.792893  1.500000
 5.792893  1.500000  5.500000  1.792893  5.500000  1.207107  6.207107  1.500000  5.207107  1.500000  6.500000  1.792893  6.500000  1.207107  5.500000  2.207107  5.500000  0.792893
 5.500000  9.792893  5.792893  9.500000  5.207107  9.500000  5.500000  0.207107  5.500000  9.207107  5.792893  0.500000  5.207107  0.500000  6.207107  9.500000  4.792893  9.500000
 5.207107  9.500000  5.500000  9.792893  5.500000  9.207107  4.792893  9.500000  5.792893  9.500000  4.500000  9.792893  4.500000  9.207107  5.500000  0.207107  5.500000  8.792893
 5.500000  9.207107  5.207107  9.500000  5.792893  9.500000  5.500000  8.792893  5.500000  9.792893  5.207107  8.500000  5.792893  8.500000  6.207107  9.500000  4.792893  9.500000
 5.792893  9.500000  5.500000  9.792893  5.500000  9.207107  6.207107  9.500000  5.207107  9.500000  6.500000  9.792893  6.500000  9.207107  5.500000  0.207107  5.500000  8.792893
 4.500000  2.792893  4.792893  2.500000  4.207107  2.500000  4.500000  3.207107  4.500000  2.207107  4.792893  3.500000  4.207107  3.500000  5.207107  2.500000  3.792893  2.500000
 4.207107  2.500000  4.500000  2.792893  4.500000  2.207107  3.792893  2.500000  4.792893  2.500000  3.500000  2.792893  3.500000  2.207107  4.500000  3.207107  4.500000  1.792893
 4.500000  2.207107  4.207107  2.500000  4.792893  2.500000  4.500000  1.792893  4.500000  2.792893  4.207107  1.500000  4.792893  1.500000  5.207107  2.500000  3.792893  2.500000
 4.792893  2.500000  4.500000  2.792893  4.500000  2.207107  5.207107  2.500000  4.207107  2.500000  5.500000  2.792893  5.500000  2.207107  4.500000  3.207107  4.500000  1.792893
 4.500000  8.792893  4.792893  8.500000  4.207107  8.500000  4.500000  9.207107  4.500000  8.207107  4.792893  9.500000  4.207107  9.500000  5.207107  8.500000  3.792893  8.500000
 4.207107  8.500000  4.500000  8.792893  4.500000  8.207107  3.792893  8.500000  4.792893  8.500000  3.500000  8.792893  3.500000  8.207107  4.500000  9.207107  4.500000  7.792893
 4.500000  8.207107  4.207107  8.500000  4.792893  8.500000  4.500000  7.792893  4.500000  8.792893  4.207107  7.500000  4.792893  7.500000  5.207107  8.500000  3.792893  8.500000
 4.792893  8.500000  4.500000  8.792893  4.500000  8.207107  5.207107  8.500000  4.207107  8.500000  5.500000  8.792893  5.500000  8.207107  4.500000  9.207107  4.500000  7.792893
 3.500000  3.792893  3.792893  3.500000  3.207107  3.500000  3.500000  4.207107  3.500000  3.207107  3.792893  4.500000  3.207107  4.500000  4.207107  3.500000  2.792893  3.500000
 3.207107  3.500000  3.500000  3.792893  3.500000  3.207107  2.792893  3.500000  3.792893  3.500000  2.500000  3.792893  2.500000  3.207107  3.500000  4.207107  3.500000  2.792893
 3.500000  3.207107  3.207107  3.500000  3.792893  3.500000  3.500000  2.792893  3.500000  3.792893  3.207107  2.500000  3.792893  2.500000  4.207107  3.500000  2.792893  3.500000
 3.792893  3.500000  3.500000  3.792893  3.500000  3.207107  4.207107  3.500000  3.207107  3.500000  4.500000  3.792893  4.500000  3.207107  3.500000  4.207107  3.500000  2.792893
 3.500000  7.792893  3.792893  7.500000  3.207107  7.500000  3.500000  8.207107  3.500000  7.207107  3.792893  8.500000  3.207107  8.500000  4.207107  7.500000  2.792893  7.500000
 3.207107  7.500000  3.500000  7.792893  3.500000  7.207107  2.792893  7.500000  3.792893  7.500000  2.500000  7.792893  2.500000  7.207107  3.500000  8.207107  3.500000  6.792893
 3.500000  7.207107  3.207107  7.500000  3.792893  7.500000  3.500000  6.792893  3.500000  7.792893  3.207107  6.500000  3.792893  6.500000  4.207107  7.500000  2.792893  7.500000
 3.792893  7.500000  3.500000  7.792893  3.500000  7.207107  4.207107  7.500000  3.207107  7.500000  4.500000  7.792893  4.500000  7.207107  3.500000  8.207107  3.500000  6.792893
 2.500000  4.792893  2.792893  4.500000  2.207107  4.500000  2.500000  5.207107  2.500000  4.207107  2.792893  5.500000  2.207107  5.500000  3.207107  4.500000  1.792893  4.500000
 2.207107  4.500000  2.500000  4.792893  2.500000  4.207107  1.792893  4.500000  2.792893  4.500000  1.500000  4.792893  1.500000  4.207107  2.500000  5.207107  2.500000  3.792893
 2.500000  4.207107  2.207107  4.500000  2.792893  4.500000  2.500000  3.792893  2.500000  4.792893  2.207107  3.500000  2.792893  3.500000  3.207107  4.500000  1.792893  4.500000
 2.792893  4.500000  2.500000  4.792893  2.500000  4.207107  3.207107  4.500000  2.207107  4.500000  3.500000  4.792893  3.500000  4.207107  2.500000  5.207107  2.500000  3.792893
 2.500000  6.792893  2.792893  6.500000  2.207107  6.500000  2.500000  7.207107  2.500000  6.207107  2.792893  7.500000  2.207107  7.500000  3.207107  6.500000  1.792893  6.500000
 2.207107  6.500000  2.500000  6.792893  2.500000  6.207107  1.792893  6.500000  2.792893  6.500000  1.500000  6.792893  1.500000  6.207107  2.500000  7.207107  2.500000  5.792893
 2.500000  6.207107  2.207107  6.500000  2.792893  6.500000  2.500000  5.792893  2.500000  6.792893  2.207107  5.500000  2.792893  5.500000  3.207107  6.500000  1.792893  6.500000
 2.792893  6.500000  2.500000  6.792893  2.500000  6.207107  3.207107  6.500000  2.207107  6.500000  3.500000  6.792893  3.500000  6.207107  2.500000  7.207107  2.500000  5.792893
 1.500000  5.792893  1.792893  5.500000  1.207107  5.500000  1.500000  6.207107  1.500000  5.207107  1.792893  6.500000  1.207107  6.500000  2.207107  5.500000  0.792893  5.500000
 1.207107  5.500000  1.500000  5.792893  1.500000  5.207107  0.792893  5.500000  1.792893  5.500000  0.500000  5.792893  0.500000  5.207107  1.500000  6.207107  1.500000  4.792893
 1.500000  5.207107  1.207107  5.500000  1.792893  5.500000  1.500000  4.792893  1.500000  5.792893  1.207107  4.500000  1.792893  4.500000  2.207107  5.500000  0.792893  5.500000
 1.792893  5.500000  1.500000  5.792893  1.500000  5.207107  2.207107  5.500000  1.207107  5.500000  2.500000  5.792893  2.500000  5.207107  1.500000  6.207107  1.500000  4.792893
 6.500000  2.792893  6.792893  2.500000  6.207107  2.500000  6.500000  3.207107  6.500000  2.207107  6.792893  3.500000  6.207107  3.500000  7.207107  2.500000  5.792893  2.500000
 6.207107  2.500000  6.500000  2.792893  6.500000  2.207107  5.792893  2.500000  6.792893  2.500000  5.500000  2.792893  5.500000  2.207107  6.500000  3.207107  6.500000  1.792893
 6.500000  2.207107  6.207107  2.500000  6.792893  2.500000  6.500000  1.792893  6.500000  2.792893  6.207107  1.500000  6.792893  1.500000  7.207107  2.500000  5.792893  2.500000
 6.792893  2.500000  6.500000  2.792893  6.500000  2.207107  7.207107  2.500000  6.207107  2.500000  7.500000  2.792893  7.500000  2.207107  6.500000  3.207107  6.500000  1.792893
 6.500000  8.792893  6.792893  8.500000  6.207107  8.500000  6.500000  9.207107  6.500000  8.207107  6.792893  9.500000  6.207107  9.500000  7.207107  8.500000  5.792893  8.500000
 6.207107  8.500000  6.500000  8.792893  6.500000  8.207107  5.792893  8.500000  6.792893  8.500000  5.500000  8.792893  5.500000  8.207107  6.500000  9.207107  6.500000  7.792893
 6.500000  8.207107  6.207107  8.500000  6.792893  8.500000  6.500000  7.792893  6.500000  8.792893  6.207107  7.500000  6.792893  7.500000  7.207107  8.500000  5.792893  8.500000
 6.792893  8.500000  6.500000  8.792893  6.500000  8.207107  7.207107  8.500000  6.207107  8.500000  7.500000  8.792893  7.500000  8.207107  6.500000  9.207107  6.500000  7.792893
 7.500000  3.792893  7.792893  3.500000  7.207107  3.500000  7.500000  4.207107  7.500000  3.207107  7.792893  4.500000  7.207107  4.500000  8.207107  3.500000  6.792893  3.500000
 7.207107  3.500000  7.500000  3.792893  7.500000  3.207107  6.792893  3.500000  7.792893  3.500000  6.500000  3.792893  6.500000  3.207107  7.500000  4.207107  7.500000  2.792893
 7.500000  3.207107  7.207107  3.500000  7.792893  3.500000  7.500000  2.792893  7.500000  3.792893  7.207107  2.500000  7.792893  2.500000  8.207107  3.500000  6.792893  3.500000
 7.792893  3.500000  7.500000  3.792893  7.500000  3.207107  8.207107  3.500000  7.207107  3.500000  8.500000  3.792893  8.500000  3.207107  7.500000  4.207107  7.500000  2.792893
 7.500000  7.792893  7.792893  7.500000  7.207107  7.500000  7.500000  8.207107  7.500000  7.207107  7.792893  8.500000  7.207107  8.500000  8.207107  7.500000  6.792893  7.500000
 7.207107  7.500000  7.500000  7.792893  7.500000  7.207107  6.792893  7.500000  7.792893  7.500000  6.500000  7.792893  6.500000  7.207107  7.500000  8.207107  7.500000  6.792893
 7.500000  7.207107  7.207107  7.500000  7.792893  7.500000  7.500000  6.792893  7.500000  7.792893  7.207107  6.500000  7.792893  6.500000  8.207107  7.500000  6.792893  7.500000
 7.792893  7.500000  7.500000  7.792893  7.500000  7.207107  8.207107  7.500000  7.207107  7.500000  8.500000  7.792893  8.500000  7.207107  7.500000  8.207107  7.500000  6.792893
 8.500000  4.792893  8.792893  4.500000  8.207107  4.500000  8.500000  5.207107  8.500000  4.207107  8.792893  5.500000  8.207107  5.500000  9.207107  4.500000  7.792893  4.500000
 8.207107  4.500000  8.500000  4.792893  8.500000  4.207107  7.792893  4.500000  8.792893  4.500000  7.500000  4.792893  7.500000  4.207107  8.500000  5.207107  8.500000  3.792893
 8.500000  4.207107  8.207107  4.500000  8.792893  4.500000  8.500000  3.792893  8.500000  4.792893  8.207107  3.500000  8.792893  3.500000  9.207107  4.500000  7.792893  4.500000
 8.792893  4.500000  8.500000  4.792893  8.500000  4.207107  9.207107  4.500000  8.207107  4.500000  9.500000  4.792893  9.500000  4.207107  8.500000  5.207107  8.500000  3.792893
 8.500000  6.792893  8.792893  6.500000  8.207107  6.500000  8.500000  7.207107  8.500000  6.207107  8.792893  7.500000  8.207107  7.500000  9.207107  6.500000  7.792893  6.500000
 8.207107  6.500000  8.500000  6.792893  8.500000  6.207107  7.792893  6.500000  8.792893  6.500000  7.500000  6.792893  7.500000  6.207107  8.500000  7.207107  8.500000  5.792893
 8.500000  6.207107  8.207107  6.500000  8.792893  6.500000  8.500000  5.792893  8.500000  6.792893  8.207107  5.500000  8.792893  5.500000  9.207107  6.500000  7.792893  6.500000
 8.792893  6.500000  8.500000  6.792893  8.500000  6.207107  9.207107  6.500000  8.207107  6.500000  9.500000  6.792893  9.500000  6.207107  8.500000  7.207107  8.500000  5.792893
 9.500000  5.792893  9.792893  5.500000  9.207107  5.500000  9.500000  6.207107  9.500000  5.207107  9.792893  6.500000  9.207107  6.500000  0.207107  5.500000  8.792893  5.500000
 9.207107  5.500000  9.500000  5.792893  9.500000  5.207107  8.792893  5.500000  9.792893  5.500000  8.500000  5.792893  8.500000  5.207107  9.500000  6.207107  9.500000  4.792893
 9.500000  5.207107  9.207107  5.500000  9.792893  5.500000  9.500000  4.792893  9.500000  5.792893  9.207107  4.500000  9.792893  4.500000  0.207107  5.500000  8.792893  5.500000
 9.792893  5.500000  9.500000  5.792893  9.500000  5.207107  0.207107  5.500000  9.207107  5.500000  0.500000  5.792893  0.500000  5.207107  9.500000  6.207107  9.500000  4.792893
 5.500000  2.792893  5.792893  2.500000  5.207107  2.500000  5.500000  3.207107  5.500000  2.207107  5.792893  3.500000  5.207107  3.500000  6.207107  2.500000  4.792893  2.500000
 5.207107  2.500000  5.500000  2.792893  5.500000  2.207107  4.792893  2.500000  5.792893  2.500000  4.500000  2.792893  4.500000  2.207107  5.500000  3.207107  5.500000  1.792893
 5.500000  2.207107  5.207107  2.500000  5.792893  2.500000  5.500000  1.792893  5.500000  2.792893  5.207107  1.500000  5.792893  1.500000  6.207107  2.500000  4.792893  2.500000
 5.792893  2.500000  5.500000  2.792893  5.500000  2.207107  6.207107  2.500000  5.207107  2.500000  6.500000  2.792893  6.500000  2.207107  5.500000  3.207107  5.500000  1.792893
 5.500000  8.792893  5.792893  8.500000  5.207107  8.500000  5.500000  9.207107  5.500000  8.207107  5.792893  9.500000  5.207107  9.500000  6.207107  8.500000  4.792893  8.500000
 5.207107  8.500000  5.500000  8.792893  5.500000  8.207107  4.792893  8.500000  5.792893  8.500000  4.500000  8.792893  4.500000  8.207107  5.500000  9.207107  5.500000  7.792893
 5.500000  8.207107  5.207107  8.500000  5.792893  8.500000  5.500000  7.792893  5.500000  8.792893  5.207107  7.500000  5.792893  7.500000  6.207107  8.500000  4.792893  8.500000
 5.792893  8.500000  5.500000  8.792893  5.500000  8.207107  6.207107  8.500000  5.207107  8.500000  6.500000  8.792893  6.500000  8.207107  5.500000  9.207107  5.500000  7.792893
 4.500000  3.792893  4.792893  3.500000  4.207107  3.500000  4.500000  4.207107  4.500000  3.207107  4.792893  4.500000  4.207107  4.500000  5.207107  3.500000  3.792893  3.500000
 4.207107  3.500000  4.500000  3.792893  4.500000  3.207107  3.792893  3.500000  4.792893  3.500000  3.500000  3.792893  3.500000  3.207107  4.500000  4.207107  4.500000  2.792893
 4.500000  3.207107  4.207107  3.500000  4.792893  3.500000  4.500000  2.792893  4.500000  3.792893  4.207107  2.500000  4.792893  2.500000  5.207107  3.500000  3.792893  3.500000
 4.792893  3.500000  4.500000  3.792893  4.500000  3.207107  5.207107  3.500000  4.207107  3.500000  5.500000  3.792893  5.500000  3.207107  4.500000  4.207107  4.500000  2.792893
 4.500000  7.792893  4.792893  7.500000  4.207107  7.500000  4.500000  8.207107  4.500000  7.207107  4.792893  8.500000  4.207107  8.500000  5.207107  7.500000  3.792893  7.500000
 4.207107  7.500000  4.500000  7.792893  4.500000  7.207107  3.792893  7.500000  4.792893  7.500000  3.500000  7.792893  3.500000  7.207107  4.500000  8.207107  4.500000  6.792893
 4.500000  7.207107  4.207107  7.500000  4.792893  7.500000  4.500000  6.792893  4.500000  7.792893  4.207107  6.500000  4.792893  6.500000  5.207107  7.500000  3.792893  7.500000
 4.792893  7.500000  4.500000  7.792893  4.500000  7.207107  5.207107  7.500000  4.207107  7.500000  5.500000  7.792893  5.500000  7.207107  4.500000  8.207107  4.500000  6.792893
 3.500000  4.792893  3.792893  4.500000  3.207107  4.500000  3.500000  5.207107  3.500000  4.207107  3.792893  5.500000  3.207107  5.500000  4.207107  4.500000  2.792893  4.500000
 3.207107  4.500000  3.500000  4.792893  3.500000  4.207107  2.792893  4.500000  3.792893  4.500000  2.500000  4.792893  2.500000  4.207107  3.500000  5.207107  3.500000  3.792893
 3.500000  4.207107  3.207107  4.500000  3.792893  4.500000  3.500000  3.792893  3.500000  4.792893  3.207107  3.500000  3.792893  3.500000  4.207107  4.500000  2.792893  4.500000
 3.792893  4.500000  3.500000  4.792893  3.500000  4.207107  4.207107  4.500000  3.207107  4.500000  4.500000  4.792893  4.500000  4.207107  3.500000  5.207107  3.500000  3.792893
 3.500000  6.792893  3.792893  6.500000  3.207107  6.500000  3.500000  7.207107  3.500000  6.207107  3.792893  7.500000  3.207107  7.500000  4.207107  6.500000  2.792893  6.500000
 3.207107  6.500000  3.500000  6.792893  3.500000  6.207107  2.792893  6.500000  3.792893  6.500000  2.500000  6.792893  2.500000  6.207107  3.500000  7.207107  3.500000  5.792893
 3.500000  6.207107  3.207107  6.500000  3.792893  6.500000  3.500000  5.792893  3.500000  6.792893  3.207107  5.500000  3.792893  5.500000  4.207107  6.500000  2.792893  6.500000
 3.792893  6.500000  3.500000  6.792893  3.500000  6.207107  4.207107  6.500000  3.207107  6.500000  4.500000  6.792893  4.500000  6.207107  3.500000  7.207107  3.500000  5.792893
 2.500000  5.792893  2.792893  5.500000  2.207107  5.500000  2.500000  6.207107  2.500000  5.207107  2.792893  6.500000  2.207107  6.500000  3.207107  5.500000  1.792893  5.500000
 2.207107  5.500000  2.500000  5.792893  2.500000  5.207107  1.792893  5.500000  2.792893  5.500000  1.500000  5.792893  1.500000  5.207107  2.500000  6.207107  2.500000  4.792893
 2.500000  5.207107  2.207107  5.500000  2.792893  5.500000  2.500000  4.792893  2.500000  5.792893  2.207107  4.500000  2.792893  4.500000  3.207107  5.500000  1.792893  5.500000
 2.792893  5.500000  2.500000  5.792893  2.500000  5.207107  3.207107  5.500000  2.207107  5.500000  3.500000  5.792893  3.500000  5.207107  2.500000  6.207107  2.500000  4.792893
 6.500000  3.792893  6.792893  3.500000  6.207107  3.500000  6.500000  4.207107  6.500000  3.207107  6.792893  4.500000  6.207107  4.500000  7.207107  3.500000  5.792893  3.500000
 6.207107  3.500000  6.500000  3.792893  6.500000  3.207107  5.792893  3.500000  6.792893  3.500000  5.500000  3.792893  5.500000  3.207107  6.500000  4.207107  6.500000  2.792893
 6.500000  3.207107  6.207107  3.500000  6.792893  3.500000  6.500000  2.792893  6.500000  3.792893  6.207107  2.500000  6.792893  2.500000  7.207107  3.500000  5.792893  3.500000
 6.792893  3.500000  6.500000  3.792893  6.500000  3.207107  7.207107  3.500000  6.207107  3.500000  7.500000  3.792893  7.500000  3.207107  6.500000  4.207107  6.500000  2.792893
 6.500000  7.792893  6.792893  7.500000  6.207107  7.500000  6.500000  8.207107  6.500000  7.207107  6.792893  8.500000  6.207107  8.500000  7.207107  7.500000  5.792893  7.500000
 6.207107  7.500000  6.500000  7.792893  6.500000  7.207107  5.792893  7.500000  6.792893  7.500000  5.500000  7.792893  5.500000  7.207107  6.500000  8.207107  6.500000  6.792893
 6.500000  7.207107  6.207107  7.500000  6.792893  7.500000  6.500000  6.792893  6.500000  7.792893  6.207107  6.500000  6.792893  6.500000  7.207107  7.500000  5.792893  7.500000
 6.792893  7.500000  6.500000  7.792893  6.500000  7.207107  7.207107  7.500000  6.207107  7.500000  7.500000  7.792893  7.500000  7.207107  6.500000  8.207107  6.500000  6.792893
 7.500000  4.792893  7.792893  4.500000  7.207107  4.500000  7.500000  5.207107  7.500000  4.207107  7.792893  5.500000  7.207107  5.500000  8.207107  4.500000  6.792893  4.500000
 7.207107  4.500000  7.500000  4.792893  7.500000  4.207107  6.792893  4.500000  7.792893  4.500000  6.500000  4.792893  6.500000  4.207107  7.500000  5.207107  7.500000  3.792893
 7.500000  4.207107  7.207107  4.500000  7.792893  4.500000  7.500000  3.792893  7.500000  4.792893  7.207107  3.500000  7.792893  3.500000  8.207107  4.500000  6.792893  4.500000
 7.792893  4.500000  7.500000  4.792893  7.500000  4.207107  8.207107  4.500000  7.207107  4.500000  8.500000  4.792893  8.500000  4.207107  7.500000  5.207107  7.500000  3.792893
 7.500000  6.792893  7.792893  6.500000  7.207107  6.500000  7.500000  7.207107  7.500000  6.207107  7.792893  7.500000  7.207107  7.500000  8.207107  6.500000  6.792893  6.500000
 7.207107  6.500000  7.500000  6.792893  7.500000  6.207107  6.792893  6.500000  7.792893  6.500000  6.500000  6.792893  6.500000  6.207107  7.500000  7.207107  7.500000  5.792893
 7.500000  6.207107  7.207107  6.500000  7.792893  6.500000  7.500000  5.792893  7.500000  6.792893  7.207107  5.500000  7.792893  5.500000  8.207107  6.500000  6.792893  6.500000
 7.792893  6.500000  7.500000  6.792893  7.500000  6.207107  8.207107  6.500000  7.207107  6.500000  8.500000  6.792893  8.500000  6.207107  7.500000  7.207107  7.500000  5.792893
 8.500000  5.792893  8.792893  5.500000  8.207107  5.500000  8.500000  6.207107  8.500000  5.207107  8.792893  6.500000  8.207107  6.500000  9.207107  5.500000  7.792893  5.500000
 8.207107  5.500000  8.500000  5.792893  8.500000  5.207107  7.792893  5.500000  8.792893  5.500000  7.500000  5.792893  7.500000  5.207107  8.500000  6.207107  8.500000  4.792893
 8.500000  5.207107  8.207107  5.500000  8.792893  5.500000  8.500000  4.792893  8.500000  5.792893  8.207107  4.500000  8.792893  4.500000  9.207107  5.500000  7.792893  5.500000
 8.792893  5.500000  8.500000  5.792893  8.500000  5.207107  9.207107  5.500000  8.207107  5.500000  9.500000  5.792893  9.500000  5.207107  8.500000  6.207107  8.500000  4.792893
 5.500000  3.792893  5.792893  3.500000  5.207107  3.500000  5.500000  4.207107  5.500000  3.207107  5.792893  4.500000  5.207107  4.500000  6.207107  3.500000  4.792893  3.500000
 5.207107  3.500000  5.500000  3.792893  5.500000  3.207107  4.792893  3.500000  5.792893  3.500000  4.500000  3.792893  4.500000  3.207107  5.500000  4.207107  5.500000  2.792893
 5.500000  3.207107  5.207107  3.500000  5.792893  3.500000  5.500000  2.792893  5.500000  3.792893  5.207107  2.500000  5.792893  2.500000  6.207107  3.500000  4.792893  3.500000
 5.792893  3.500000  5.500000  3.792893  5.500000  3.207107  6.207107  3.500000  5.207107  3.500000  6.500000  3.792893  6.500000  3.207107  5.500000  4.207107  5.500000  2.792893
 5.500000  7.792893  5.792893  7.500000  5.207107  7.500000  5.500000  8.207107  5.500000  7.207107  5.792893  8.500000  5.207107  8.500000  6.207107  7.500000  4.792893  7.500000
 5.207107  7.500000  5.500000  7.792893  5.500000  7.207107  4.792893  7.500000  5.792893  7.500000  4.500000  7.792893  4.500000  7.207107  5.500000  8.207107  5.500000  6.792893
 5.500000  7.207107  5.207107  7.500000  5.792893  7.500000  5.500000  6.792893  5.500000  7.792893  5.207107  6.500000  5.792893  6.500000  6.207107  7.500000  4.792893  7.500000
 5.792893  7.500000  5.500000  7.792893  5.500000  7.207107  6.207107  7.500000  5.207107  7.500000  6.500000  7.792893  6.500000  7.207107  5.500000  8.207107  5.500000  6.792893
 4.500000  4.792893  4.792893  4.500000  4.207107  4.500000  4.500000  5.207107  4.500000  4.207107  4.792893  5.500000  4.207107  5.500000  5.207107  4.500000  3.792893  4.500000
 4.207107  4.500000  4.500000  4.792893  4.500000  4.207107  3.792893  4.500000  4.792893  4.500000  3.500000  4.792893  3.500000  4.207107  4.500000  5.207107  4.500000  3.792893
 4.500000  4.207107  4.207107  4.500000  4.792893  4.500000  4.500000  3.792893  4.500000  4.792893  4.207107  3.500000  4.792893  3.500000  5.207107  4.500000  3.792893  4.500000
 4.792893  4.500000  4.500000  4.792893  4.500000  4.207107  5.207107  4.500000  4.207107  4.500000  5.500000  4.792893  5.500000  4.207107  4.500000  5.207107  4.500000  3.792893
 4.500000  6.792893  4.792893  6.500000  4.207107  6.500000  4.500000  7.207107  4.500000  6.207107  4.792893  7.500000  4.207107  7.500000  5.207107  6.500000  3.792893  6.500000
 4.207107  6.500000  4.500000  6.792893  4.500000  6.207107  3.792893  6.500000  4.792893  6.500000  3.500000  6.792893  3.500000  6.207107  4.500000  7.207107  4.500000  5.792893
 4.500000  6.207107  4.207107  6.500000  4.792893  6.500000  4.500000  5.792893  4.500000  6.792893  4.207107  5.500000  4.792893  5.500000  5.207107  6.500000  3.792893  6.500000
 4.792893  6.500000  4.500000  6.792893  4.500000  6.207107  5.207107  6.500000  4.207107  6.500000  5.500000  6.792893  5.500000  6.207107  4.500000  7.207107  4.500000  5.792893
 3.500000  5.792893  3.792893  5.500000  3.207107  5.500000  3.500000  6.207107  3.500000  5.207107  3.792893  6.500000  3.207107  6.500000  4.207107  5.500000  2.792893  5.500000
 3.207107  5.500000  3.500000  5.792893  3.500000  5.207107  2.792893  5.500000  3.792893  5.500000  2.500000  5.792893  2.500000  5.207107  3.500000  6.207107  3.500000  4.792893
 3.500000  5.207107  3.207107  5.500000  3.792893  5.500000  3.500000  4.792893  3.500000  5.792893  3.207107  4.500000  3.792893  4.500000  4.207107  5.500000  2.792893  5.500000
 3.792893  5.500000  3.500000  5.792893  3.500000  5.207107  4.207107  5.500000  3.207107  5.500000  4.500000  5.792893  4.500000  5.207107  3.500000  6.207107  3.500000  4.792893
 6.500000  4.792893  6.792893  4.500000  6.207107  4.500000  6.500000  5.207107  6.500000  4.207107  6.792893  5.500000  6.207107  5.500000  7.207107  4.500000  5.792893  4.500000
 6.207107  4.500000  6.500000  4.792893  6.500000  4.207107  5.792893  4.500000  6.792893  4.500000  5.500000  4.792893  5.500000  4.207107  6.500000  5.207107  6.500000  3.792893
 6.500000  4.207107  6.207107  4.500000  6.792893  4.500000  6.500000  3.792893  6.500000  4.792893  6.207107  3.500000  6.792893  3.500000  7.207107  4.500000  5.792893  4.500000
 6.792893  4.500000  6.500000  4.792893  6.500000  4.207107  7.207107  4.500000  6.207107  4.500000  7.500000  4.792893  7.500000  4.207107  6.500000  5.207107  6.500000  3.792893
 6.500000  6.792893  6.792893  6.500000  6.207107  6.500000  6.500000  7.207107  6.500000  6.207107  6.792893  7.500000  6.207107  7.500000  7.207107  6.500000  5.792893  6.500000
 6.207107  6.500000  6.500000  6.792893  6.500000  6.207107  5.792893  6.500000  6.792893  6.500000  5.500000  6.792893  5.500000  6.207107  6.500000  7.207107  6.500000  5.792893
 6.500000  6.207107  6.207107  6.500000  6.792893  6.500000  6.500000  5.792893  6.500000  6.792893  6.207107  5.500000  6.792893  5.500000  7.207107  6.500000  5.792893  6.500000
 6.792893  6.500000  6.500000  6.792893  6.500000  6.207107  7.207107  6.500000  6.207107  6.500000  7.500000  6.792893  7.500000  6.207107  6.500000  7.207107  6.500000  5.792893
 7.500000  5.792893  7.792893  5.500000  7.207107  5.500000  7.500000  6.207107  7.500000  5.207107  7.792893  6.500000  7.207107  6.500000  8.207107  5.500000  6.792893  5.500000
 7.207107  5.500000  7.500000  5.792893  7.500000  5.207107  6.792893  5.500000  7.792893  5.500000  6.500000  5.792893  6.500000  5.207107  7.500000  6.207107  7.500000  4.792893
 7.500000  5.207107  7.207107  5.500000  7.792893  5.500000  7.500000  4.792893  7.500000  5.792893  7.207107  4.500000  7.792893  4.500000  8.207107  5.500000  6.792893  5.500000
 7.792893  5.500000  7.500000  5.792893  7.500000  5.207107  8.207107  5.500000  7.207107  5.500000  8.500000  5.792893  8.500000  5.207107  7.500000  6.207107  7.500000  4.792893
 5.500000  4.792893  5.792893  4.500000  5.207107  4.500000  5.500000  5.207107  5.500000  4.207107  5.792893  5.500000  5.207107  5.500000  6.207107  4.500000  4.792893  4.500000
 5.207107  4.500000  5.500000  4.792893  5.500000  4.207107  4.792893  4.500000  5.792893  4.500000  4.500000  4.792893  4.500000  4.207107  5.500000  5.207107  5.500000  3.792893
 5.500000  4.207107  5.207107  4.500000  5.792893  4.500000  5.500000  3.792893  5.500000  4.792893  5.207107  3.500000  5.792893  3.500000  6.207107  4.500000  4.792893  4.500000
 5.792893  4.500000  5.500000  4.792893  5.500000  4.207107  6.207107  4.500000  5.207107  4.500000  6.500000  4.792893  6.500000  4.207107  5.500000  5.207107  5.500000  3.792893
 5.500000  6.792893  5.792893  6.500000  5.207107  6.500000  5.500000  7.207107  5.500000  6.207107  5.792893  7.500000  5.207107  7.500000  6.207107  6.500000  4.792893  6.500000
 5.207107  6.500000  5.500000  6.792893  5.500000  6.207107  4.792893  6.500000  5.792893  6.500000  4.500000  6.792893  4.500000  6.207107  5.500000  7.207107  5.500000  5.792893
 5.500000  6.207107  5.207107  6.500000  5.792893  6.500000  5.500000  5.792893  5.500000  6.792893  5.207107  5.500000  5.792893  5.500000  6.207107  6.500000  4.792893  6.500000
 5.792893  6.500000  5.500000  6.792893  5.500000  6.207107  6.207107  6.500000  5.207107  6.500000  6.500000  6.792893  6.500000  6.207107  5.500000  7.207107  5.500000  5.792893
 4.500000  5.792893  4.792893  5.500000  4.207107  5.500000  4.500000  6.207107  4.500000  5.207107  4.792893  6.500000  4.207107  6.500000  5.207107  5.500000  3.792893  5.500000
 4.207107  5.500000  4.500000  5.792893  4.500000  5.207107  3.792893  5.500000  4.792893  5.500000  3.500000  5.792893  3.500000  5.207107  4.500000  6.207107  4.500000  4.792893
 4.500000  5.207107  4.207107  5.500000  4.792893  5.500000  4.500000  4.792893  4.500000  5.792893  4.207107  4.500000  4.792893  4.500000  5.207107  5.500000  3.792893  5.500000
 4.792893  5.500000  4.500000  5.792893  4.500000  5.207107  5.207107  5.500000  4.207107  5.500000  5.500000  5.792893  5.500000  5.207107  4.500000  6.207107  4.500000  4.792893
 6.500000  5.792893  6.792893  5.500000  6.207107  5.500000  6.500000  6.207107  6.500000  5.207107  6.792893  6.500000  6.207107  6.500000  7.207107  5.500000  5.792893  5.500000
 6.207107  5.500000  6.500000  5.792893  6.500000  5.207107  5.792893  5.500000  6.792893  5.500000  5.500000  5.792893  5.500000  5.207107  6.500000  6.207107  6.500000  4.792893
 6.500000  5.207107  6.207107  5.500000  6.792893  5.500000  6.500000  4.792893  6.500000  5.792893  6.207107  4.500000  6.792893  4.500000  7.207107  5.500000  5.792893  5.500000
 6.792893  5.500000  6.500000  5.792893  6.500000  5.207107  7.207107  5.500000  6.207107  5.500000  7.500000  5.792893  7.500000  5.207107  6.500000  6.207107  6.500000  4.792893
 5.500000  5.792893  5.792893  5.500000  5.207107  5.500000  5.500000  6.207107  5.500000  5.207107  5.792893  6.500000  5.207107  6.500000  6.207107  5.500000  4.792893  5.500000
 5.207107  5.500000  5.500000  5.792893  5.500000  5.207107  4.792893  5.500000  5.792893  5.500000  4.500000  5.792893  4.500000  5.207107  5.500000  6.207107  5.500000  4.792893
 5.500000  5.207107  5.207107  5.500000  5.792893  5.500000  5.500000  4.792893  5.500000  5.792893  5.207107  4.500000  5.792893  4.500000  6.207107  5.500000  4.792893  5.500000
 5.792893  5.500000  5.500000  5.792893  5.500000  5.207107  6.207107  5.500000  5.207107  5.500000  6.500000  5.792893  6.500000  5.207107  5.500000  6.207107  5.500000  4.792893
