     1       1       0       0    0.500000   0.792893
     2       1       0       0    0.207107   0.500000
     3       1       0       0    0.500000   0.207107
     4       1       0       0    0.792893   0.500000
     5       2       1       0    1.500000   0.792893
     6       2       1       0    1.207107   0.500000
     7       2       1       0    1.500000   0.207107
     8       2       1       0    1.792893   0.500000
     9       3       9       0    9.500000   0.792893
    10       3       9       0    9.207107   0.500000
    11       3       9       0    9.500000   0.207107
    12       3       9       0    9.792893   0.500000
    13       4       0       1    0.500000   1.792893
    14       4       0       1    0.207107   1.500000
    15       4       0       1    0.500000   1.207107
    16       4       0       1    0.792893   1.500000
    17       5       0       9    0.500000   9.792893
    18       5       0       9    0.207107   9.500000
    19       5       0       9    0.500000   9.207107
    20       5       0       9    0.792893   9.500000
    21       6       2       0    2.500000   0.792893
    22       6       2       0    2.207107   0.500000
    23       6       2       0    2.500000   0.207107
    24       6       2       0    2.792893   0.500000
    25       7       1       1    1.500000   1.792893
    26       7       1       1    1.207107   1.500000
    27       7       1       1    1.500000   1.207107
    28       7       1       1    1.792893   1.500000
    29       8       1       9    1.500000   9.792893
    30       8       1       9    1.207107   9.500000
    31       8       1       9    1.500000   9.207107
    32       8       1       9    1.792893   9.500000
    33       9       8       0    8.500000   0.792893
    34       9       8       0    8.207107   0.500000
    35       9       8       0    8.500000   0.207107
    36       9       8       0    8.792893   0.500000
    37      10       9       1    9.500000   1.792893
    38      10       9       1    9.207107   1.500000
    39      10       9       1    9.500000   1.207107
    40      10       9       1    9.792893   1.500000
    41      11       9       9    9.500000   9.792893
    42      11       9       9    9.207107   9.500000
    43      11       9       9    9.500000   9.207107
    44      11       9       9    9.792893   9.500000
    45      12       0       2    0.500000   2.792893
    46      12       0       2    0.207107   2.500000
    47      12       0       2    0.500000   2.207107
    48      12       0       2    0.792893   2.500000
    49      13       0       8    0.500000   8.792893
    50      13       0       8    0.207107   8.500000
    51      13       0       8    0.500000   8.207107
    52      13       0       8    0.792893   8.500000
    53      14       3       0    3.500000   0.792893
    54      14       3       0    3.207107   0.500000
    55      14       3       0    3.500000   0.207107
    56      14       3       0    3.792893   0.500000
    57      15       2       1    2.500000   1.792893
    58      15       2       1    2.207107   1.500000
    59      15       2       1    2.500000   1.207107
    60      15       2       1    2.792893   1.500000
    61      16       2       9    2.500000   9.792893
    62      16       2       9    2.207107   9.500000
    63      16       2       9    2.500000   9.207107
    64      16       2       9    2.792893   9.500000
    65      17       1       2    1.500000   2.792893
    66      17       1       2    1.207107   2.500000
    67      17       1       2    1.500000   2.207107
    68      17       1       2    1.792893   2.500000
    69      18       1       8    1.500000   8.792893
    70      18       1       8    1.207107   8.500000
    71      18       1       8    1.500000   8.207107
    72      18       1       8    1.792893   8.500000
    73      19       7       0    7.500000   0.792893
    74      19       7       0    7.207107   0.500000
    75      19       7       0    7.500000   0.207107
    76      19       7       0    7.792893   0.500000
    77      20       8       1    8.500000   1.792893
    78      20       8       1    8.207107   1.500000
    79      20       8       1    8.500000   1.207107
    80      20       8       1    8.792893   1.500000
    81      21       8       9    8.500000   9.792893
    82      21       8       9    8.207107   9.500000
    83      21       8       9    8.500000   9.207107
    84      21       8       9    8.792893   9.500000
    85      22       9       2    9.500000   2.792893
    86      22       9       2    9.207107   2.500000
    87      22       9       2    9.500000   2.207107
    88      22       9       2    9.792893   2.500000
    89      23       9       8    9.500000   8.792893
    90      23       9       8    9.207107   8.500000
    91      23       9       8    9.500000   8.207107
    92      23       9       8    9.792893   8.500000
    93      24       0       3    0.500000   3.792893
    94      24       0       3    0.207107   3.500000
    95      24       0       3    0.500000   3.207107
    96      24       0       3    0.792893   3.500000
    97      25       0       7    0.500000   7.792893
    98      25       0       7    0.207107   7.500000
    99      25       0       7    0.500000   7.207107
   100      25       0       7    0.792893   7.500000
   101      26       4       0    4.500000   0.792893
   102      26       4       0    4.207107   0.500000
   103      26       4       0    4.500000   0.207107
   104      26       4       0    4.792893   0.500000
   105      27       3       1    3.500000   1.792893
   106      27       3       1    3.207107   1.500000
   107      27       3       1    3.500000   1.207107
   108      27       3       1    3.792893   1.500000
   109      28       3       9    3.500000   9.792893
   110      28       3       9    3.207107   9.500000
   111      28       3       9    3.500000   9.207107
   112      28       3       9    3.792893   9.500000
   113      29       2       2    2.500000   2.792893
   114      29       2       2    2.207107   2.500000
   115      29       2       2    2.500000   2.207107
   116      29       2       2    2.792893   2.500000
   117      30       2       8    2.500000   8.792893
   118      30       2       8    2.207107   8.500000
   119      30       2       8    2.500000   8.207107
   120      30       2       8    2.792893   8.500000
   121      31       1       3    1.500000   3.792893
   122      31       1       3    1.207107   3.500000
   123      31       1       3    1.500000   3.207107
   124      31       1       3    1.792893   3.500000
   125      32       1       7    1.500000   7.792893
   126      32       1       7    1.207107   7.500000
   127      32       1       7    1.500000   7.207107
   128      32       1       7    1.792893   7.500000
   129      33       6       0    6.500000   0.792893
   130      33       6       0    6.207107   0.500000
   131      33       6       0    6.500000   0.207107
   132      33       6       0    6.792893   0.500000
   133      34       7       1    7.500000   1.792893
   134      34       7       1    7.207107   1.500000
   135      34       7       1    7.500000   1.207107
   136      34       7       1    7.792893   1.500000
   137      35       7       9    7.500000   9.792893
   138      35       7       9    7.207107   9.500000
   139      35       7       9    7.500000   9.207107
   140      35       7       9    7.792893   9.500000
   141      36       8       2    8.500000   2.792893
   142      36       8       2    8.207107   2.500000
   143      36       8       2    8.500000   2.207107
   144      36       8       2    8.792893   2.500000
   145      37       8       8    8.500000   8.792893
   146      37       8       8    8.207107   8.500000
   147      37       8       8    8.500000   8.207107
   148      37       8       8    8.792893   8.500000
   149      38       9       3    9.500000   3.792893
   150      38       9       3    9.207107   3.500000
   151      38       9       3    9.500000   3.207107
   152      38       9       3    9.792893   3.500000
   153      39       9       7    9.500000   7.792893
   154      39       9       7    9.207107   7.500000
   155      39       9       7    9.500000   7.207107
   156      39       9       7    9.792893   7.500000
   157      40       0       4    0.500000   4.792893
   158      40       0       4    0.207107   4.500000
   159      40       0       4    0.500000   4.207107
   160      40       0       4    0.792893   4.500000
   161      41       0       6    0.500000   6.792893
   162      41       0       6    0.207107   6.500000
   163      41       0       6    0.500000   6.207107
   164      41       0       6    0.792893   6.500000
   165      42       5       0    5.500000   0.792893
   166      42       5       0    5.207107   0.500000
   167      42       5       0    5.500000   0.207107
   168      42       5       0    5.792893   0.500000
   169      43       4       1    4.500000   1.792893
   170      43       4       1    4.207107   1.500000
   171      43       4       1    4.500000   1.207107
   172      43       4       1    4.792893   1.500000
   173      44       4       9    4.500000   9.792893
   174      44       4       9    4.207107   9.500000
   175      44       4       9    4.500000   9.207107
   176      44       4       9    4.792893   9.500000
   177      45       3       2    3.500000   2.792893
   178      45       3       2    3.207107   2.500000
   179      45       3       2    3.500000   2.207107
   180      45       3       2    3.792893   2.500000
   181      46       3       8    3.500000   8.792893
   182      46       3       8    3.207107   8.500000
   183      46       3       8    3.500000   8.207107
   184      46       3       8    3.792893   8.500000
   185      47       2       3    2.500000   3.792893
   186      47       2       3    2.207107   3.500000
   187      47       2       3    2.500000   3.207107
   188      47       2       3    2.792893   3.500000
   189      48       2       7    2.500000   7.792893
   190      48       2       7    2.207107   7.500000
   191      48       2       7    2.500000   7.207107
   192      48       2       7    2.792893   7.500000
   193      49       1       4    1.500000   4.792893
   194      49       1       4    1.207107   4.500000
   195      49       1       4    1.500000   4.207107
   196      49       1       4    1.792893   4.500000
   197      50       1       6    1.500000   6.792893
   198      50       1       6    1.207107   6.500000
   199      50       1       6    1.500000   6.207107
   200      50       1       6    1.792893   6.500000
   201      51       6       1    6.500000   1.792893
   202      51       6       1    6.207107   1.500000
   203      51       6       1    6.500000   1.207107
   204      51       6       1    6.792893   1.500000
   205      52       6       9    6.500000   9.792893
   206      52       6       9    6.207107   9.500000
   207      52       6       9    6.500000   9.207107
   208      52       6       9    6.792893   9.500000
   209      53       7       2    7.500000   2.792893
   210      53       7       2    7.207107   2.500000
   211      53       7       2    7.500000   2.207107
   212      53       7       2    7.792893   2.500000
   213      54       7       8    7.500000   8.792893
   214      54       7       8    7.207107   8.500000
   215      54       7       8    7.500000   8.207107
   216      54       7       8    7.792893   8.500000
   217      55       8       3    8.500000   3.792893
   218      55       8       3    8.207107   3.500000
   219      55       8       3    8.500000   3.207107
   220      55       8       3    8.792893   3.500000
   221      56       8       7    8.500000   7.792893
   222      56       8       7    8.207107   7.500000
   223      56       8       7    8.500000   7.207107
   224      56       8       7    8.792893   7.500000
   225      57       9       4    9.500000   4.792893
   226      57       9       4    9.207107   4.500000
   227      57       9       4    9.500000   4.207107
   228      57       9       4    9.792893   4.500000
   229      58       9       6    9.500000   6.792893
   230      58       9       6    9.207107   6.500000
   231      58       9       6    9.500000   6.207107
   232      58       9       6    9.792893   6.500000
   233      59       0       5    0.500000   5.792893
   234      59       0       5    0.207107   5.500000
   235      59       0       5    0.500000   5.207107
   236      59       0       5    0.792893   5.500000
   237      60       5       1    5.500000   1.792893
   238      60       5       1    5.207107   1.500000
   239      60       5       1    5.500000   1.207107
   240      60       5       1    5.792893   1.500000
   241      61       5       9    5.500000   9.792893
   242      61       5       9    5.207107   9.500000
   243      61       5       9    5.500000   9.207107
   244      61       5       9    5.792893   9.500000
   245      62       4       2    4.500000   2.792893
   246      62       4       2    4.207107   2.500000
   247      62       4       2    4.500000   2.207107
   248      62       4       2    4.792893   2.500000
   249      63       4       8    4.500000   8.792893
   250      63       4       8    4.207107   8.500000
   251      63       4       8    4.500000   8.207107
   252      63       4       8    4.792893   8.500000
   253      64       3       3    3.500000   3.792893
   254      64       3       3    3.207107   3.500000
   255      64       3       3    3.500000   3.207107
   256      64       3       3    3.792893   3.500000
   257      65       3       7    3.500000   7.792893
   258      65       3       7    3.207107   7.500000
   259      65       3       7    3.500000   7.207107
   260      65       3       7    3.792893   7.500000
   261      66       2       4    2.500000   4.792893
   262      66       2       4    2.207107   4.500000
   263      66       2       4    2.500000   4.207107
   264      66       2       4    2.792893   4.500000
   265      67       2       6    2.500000   6.792893
   266      67       2       6    2.207107   6.500000
   267      67       2       6    2.500000   6.207107
   268      67       2       6    2.792893   6.500000
   269      68       1       5    1.500000   5.792893
   270      68       1       5    1.207107   5.500000
   271      68       1       5    1.500000   5.207107
   272      68       1       5    1.792893   5.500000
   273      69       6       2    6.500000   2.792893
   274      69       6       2    6.207107   2.500000
   275      69       6       2    6.500000   2.207107
   276      69       6       2    6.792893   2.500000
   277      70       6       8    6.500000   8.792893
   278      70       6       8    6.207107   8.500000
   279      70       6       8    6.500000   8.207107
   280      70       6       8    6.792893   8.500000
   281      71       7       3    7.500000   3.792893
   282      71       7       3    7.207107   3.500000
   283      71       7       3    7.500000   3.207107
   284      71       7       3    7.792893   3.500000
   285      72       7       7    7.500000   7.792893
   286      72       7       7    7.207107   7.500000
   287      72       7       7    7.500000   7.207107
   288      72       7       7    7.792893   7.500000
   289      73       8       4    8.500000   4.792893
   290      73       8       4    8.207107   4.500000
   291      73       8       4    8.500000   4.207107
   292      73       8       4    8.792893   4.500000
   293      74       8       6    8.500000   6.792893
   294      74       8       6    8.207107   6.500000
   295      74       8       6    8.500000   6.207107
   296      74       8       6    8.792893   6.500000
   297      75       9       5    9.500000   5.792893
   298      75       9       5    9.207107   5.500000
   299      75       9       5    9.500000   5.207107
   300      75       9       5    9.792893   5.500000
   301      76       5       2    5.500000   2.792893
   302      76       5       2    5.207107   2.500000
   303      76       5       2    5.500000   2.207107
   304      76       5       2    5.792893   2.500000
   305      77       5       8    5.500000   8.792893
   306      77       5       8    5.207107   8.500000
   307      77       5       8    5.500000   8.207107
   308      77       5       8    5.792893   8.500000
   309      78       4       3    4.500000   3.792893
   310      78       4       3    4.207107   3.500000
   311      78       4       3    4.500000   3.207107
   312      78       4       3    4.792893   3.500000
   313      79       4       7    4.500000   7.792893
   314      79       4       7    4.207107   7.500000
   315      79       4       7    4.500000   7.207107
   316      79       4       7    4.792893   7.500000
   317      80       3       4    3.500000   4.792893
   318      80       3       4    3.207107   4.500000
   319      80       3       4    3.500000   4.207107
   320      80       3       4    3.792893   4.500000
   321      81       3       6    3.500000   6.792893
   322      81       3       6    3.207107   6.500000
   323      81       3       6    3.500000   6.207107
   324      81       3       6    3.792893   6.500000
   325      82       2       5    2.500000   5.792893
   326      82       2       5    2.207107   5.500000
   327      82       2       5    2.500000   5.207107
   328      82       2       5    2.792893   5.500000
   329      83       6       3    6.500000   3.792893
   330      83       6       3    6.207107   3.500000
   331      83       6       3    6.500000   3.207107
   332      83       6       3    6.792893   3.500000
   333      84       6       7    6.500000   7.792893
   334      84       6       7    6.207107   7.500000
   335      84       6       7    6.500000   7.207107
   336      84       6       7    6.792893   7.500000
   337      85       7       4    7.500000   4.792893
   338      85       7       4    7.207107   4.500000
   339      85       7       4    7.500000   4.207107
   340      85       7       4    7.792893   4.500000
   341      86       7       6    7.500000   6.792893
   342      86       7       6    7.207107   6.500000
   343      86       7       6    7.500000   6.207107
   344      86       7       6    7.792893   6.500000
   345      87       8       5    8.500000   5.792893
   346      87       8       5    8.207107   5.500000
   347      87       8       5    8.500000   5.207107
   348      87       8       5    8.792893   5.500000
   349      88       5       3    5.500000   3.792893
   350      88       5       3    5.207107   3.500000
   351      88       5       3    5.500000   3.207107
   352      88       5       3    5.792893   3.500000
   353      89       5       7    5.500000   7.792893
   354      89       5       7    5.207107   7.500000
   355      89       5       7    5.500000   7.207107
   356      89       5       7    5.792893   7.500000
   357      90       4       4    4.500000   4.792893
   358      90       4       4    4.207107   4.500000
   359      90       4       4    4.500000   4.207107
   360      90       4       4    4.792893   4.500000
   361      91       4       6    4.500000   6.792893
   362      91       4       6    4.207107   6.500000
   363      91       4       6    4.500000   6.207107
   364      91       4       6    4.792893   6.500000
   365      92       3       5    3.500000   5.792893
   366      92       3       5    3.207107   5.500000
   367      92       3       5    3.500000   5.207107
   368      92       3       5    3.792893   5.500000
   369      93       6       4    6.500000   4.792893
   370      93       6       4    6.207107   4.500000
   371      93       6       4    6.500000   4.207107
   372      93       6       4    6.792893   4.500000
   373      94       6       6    6.500000   6.792893
   374      94       6       6    6.207107   6.500000
   375      94       6       6    6.500000   6.207107
   376      94       6       6    6.792893   6.500000
   377      95       7       5    7.500000   5.792893
   378      95       7       5    7.207107   5.500000
   379      95       7       5    7.500000   5.207107
   380      95       7       5    7.792893   5.500000
   381      96       5       4    5.500000   4.792893
   382      96       5       4    5.207107   4.500000
   383      96       5       4    5.500000   4.207107
   384      96       5       4    5.792893   4.500000
   385      97       5       6    5.500000   6.792893
   386      97       5       6    5.207107   6.500000
   387      97       5       6    5.500000   6.207107
   388      97       5       6    5.792893   6.500000
   389      98       4       5    4.500000   5.792893
   390      98       4       5    4.207107   5.500000
   391      98       4       5    4.500000   5.207107
   392      98       4       5    4.792893   5.500000
   393      99       6       5    6.500000   5.792893
   394      99       6       5    6.207107   5.500000
   395      99       6       5    6.500000   5.207107
   396      99       6       5    6.792893   5.500000
   397     100       5       5    5.500000   5.792893
   398     100       5       5    5.207107   5.500000
   399     100       5       5    5.500000   5.207107
   400     100       5       5    5.792893   5.500000
