  0.50000000000000000       0.20710677999999999     
   1.5000000000000000       0.20710677999999999     
   4.5000000000000000       0.20710677999999999     
  0.50000000000000000        1.2071067799999999     
  0.50000000000000000        4.2071067800000002     
   2.5000000000000000       0.20710677999999999     
   1.5000000000000000        1.2071067799999999     
   1.5000000000000000        4.2071067800000002     
   3.5000000000000000       0.20710677999999999     
   4.5000000000000000        1.2071067799999999     
   4.5000000000000000        4.2071067800000002     
  0.50000000000000000        2.2071067800000002     
  0.50000000000000000        3.2071067800000002     
   2.5000000000000000        1.2071067799999999     
   2.5000000000000000        4.2071067800000002     
   1.5000000000000000        2.2071067800000002     
   1.5000000000000000        3.2071067800000002     
   3.5000000000000000        1.2071067799999999     
   3.5000000000000000        4.2071067800000002     
   4.5000000000000000        2.2071067800000002     
   4.5000000000000000        3.2071067800000002     
   2.5000000000000000        2.2071067800000002     
   2.5000000000000000        3.2071067800000002     
   3.5000000000000000        2.2071067800000002     
   3.5000000000000000        3.2071067800000002     
