     1       1       0       0    0.500000   0.792893
     2       1       0       0    0.207107   0.500000
     3       1       0       0    0.500000   0.207107
     4       1       0       0    0.792893   0.500000
     5       2       1       0    1.500000   0.792893
     6       2       1       0    1.207107   0.500000
     7       2       1       0    1.500000   0.207107
     8       2       1       0    1.792893   0.500000
     9       3       4       0    4.500000   0.792893
    10       3       4       0    4.207107   0.500000
    11       3       4       0    4.500000   0.207107
    12       3       4       0    4.792893   0.500000
    13       4       0       1    0.500000   1.792893
    14       4       0       1    0.207107   1.500000
    15       4       0       1    0.500000   1.207107
    16       4       0       1    0.792893   1.500000
    17       5       0       4    0.500000   4.792893
    18       5       0       4    0.207107   4.500000
    19       5       0       4    0.500000   4.207107
    20       5       0       4    0.792893   4.500000
    21       6       2       0    2.500000   0.792893
    22       6       2       0    2.207107   0.500000
    23       6       2       0    2.500000   0.207107
    24       6       2       0    2.792893   0.500000
    25       7       1       1    1.500000   1.792893
    26       7       1       1    1.207107   1.500000
    27       7       1       1    1.500000   1.207107
    28       7       1       1    1.792893   1.500000
    29       8       1       4    1.500000   4.792893
    30       8       1       4    1.207107   4.500000
    31       8       1       4    1.500000   4.207107
    32       8       1       4    1.792893   4.500000
    33       9       3       0    3.500000   0.792893
    34       9       3       0    3.207107   0.500000
    35       9       3       0    3.500000   0.207107
    36       9       3       0    3.792893   0.500000
    37      10       4       1    4.500000   1.792893
    38      10       4       1    4.207107   1.500000
    39      10       4       1    4.500000   1.207107
    40      10       4       1    4.792893   1.500000
    41      11       4       4    4.500000   4.792893
    42      11       4       4    4.207107   4.500000
    43      11       4       4    4.500000   4.207107
    44      11       4       4    4.792893   4.500000
    45      12       0       2    0.500000   2.792893
    46      12       0       2    0.207107   2.500000
    47      12       0       2    0.500000   2.207107
    48      12       0       2    0.792893   2.500000
    49      13       0       3    0.500000   3.792893
    50      13       0       3    0.207107   3.500000
    51      13       0       3    0.500000   3.207107
    52      13       0       3    0.792893   3.500000
    53      14       2       1    2.500000   1.792893
    54      14       2       1    2.207107   1.500000
    55      14       2       1    2.500000   1.207107
    56      14       2       1    2.792893   1.500000
    57      15       2       4    2.500000   4.792893
    58      15       2       4    2.207107   4.500000
    59      15       2       4    2.500000   4.207107
    60      15       2       4    2.792893   4.500000
    61      16       1       2    1.500000   2.792893
    62      16       1       2    1.207107   2.500000
    63      16       1       2    1.500000   2.207107
    64      16       1       2    1.792893   2.500000
    65      17       1       3    1.500000   3.792893
    66      17       1       3    1.207107   3.500000
    67      17       1       3    1.500000   3.207107
    68      17       1       3    1.792893   3.500000
    69      18       3       1    3.500000   1.792893
    70      18       3       1    3.207107   1.500000
    71      18       3       1    3.500000   1.207107
    72      18       3       1    3.792893   1.500000
    73      19       3       4    3.500000   4.792893
    74      19       3       4    3.207107   4.500000
    75      19       3       4    3.500000   4.207107
    76      19       3       4    3.792893   4.500000
    77      20       4       2    4.500000   2.792893
    78      20       4       2    4.207107   2.500000
    79      20       4       2    4.500000   2.207107
    80      20       4       2    4.792893   2.500000
    81      21       4       3    4.500000   3.792893
    82      21       4       3    4.207107   3.500000
    83      21       4       3    4.500000   3.207107
    84      21       4       3    4.792893   3.500000
    85      22       2       2    2.500000   2.792893
    86      22       2       2    2.207107   2.500000
    87      22       2       2    2.500000   2.207107
    88      22       2       2    2.792893   2.500000
    89      23       2       3    2.500000   3.792893
    90      23       2       3    2.207107   3.500000
    91      23       2       3    2.500000   3.207107
    92      23       2       3    2.792893   3.500000
    93      24       3       2    3.500000   2.792893
    94      24       3       2    3.207107   2.500000
    95      24       3       2    3.500000   2.207107
    96      24       3       2    3.792893   2.500000
    97      25       3       3    3.500000   3.792893
    98      25       3       3    3.207107   3.500000
    99      25       3       3    3.500000   3.207107
   100      25       3       3    3.792893   3.500000
