 0.500000  0.792893  0.792893  0.500000  0.207107  0.500000  0.500000  1.207107  0.500000  0.207107  0.792893  1.500000  0.207107  1.500000  1.207107  0.500000  4.792893  0.500000
 0.207107  0.500000  0.500000  0.792893  0.500000  0.207107  4.792893  0.500000  0.792893  0.500000  4.500000  0.792893  4.500000  0.207107  0.500000  1.207107  0.500000  4.792893
 0.500000  0.207107  0.207107  0.500000  0.792893  0.500000  0.500000  4.792893  0.500000  0.792893  0.207107  4.500000  0.792893  4.500000  1.207107  0.500000  4.792893  0.500000
 0.792893  0.500000  0.500000  0.792893  0.500000  0.207107  1.207107  0.500000  0.207107  0.500000  1.500000  0.792893  1.500000  0.207107  0.500000  1.207107  0.500000  4.792893
 1.500000  0.792893  1.792893  0.500000  1.207107  0.500000  1.500000  1.207107  1.500000  0.207107  1.792893  1.500000  1.207107  1.500000  2.207107  0.500000  0.792893  0.500000
 1.207107  0.500000  1.500000  0.792893  1.500000  0.207107  0.792893  0.500000  1.792893  0.500000  0.500000  0.792893  0.500000  0.207107  1.500000  1.207107  1.500000  4.792893
 1.500000  0.207107  1.207107  0.500000  1.792893  0.500000  1.500000  4.792893  1.500000  0.792893  1.207107  4.500000  1.792893  4.500000  2.207107  0.500000  0.792893  0.500000
 1.792893  0.500000  1.500000  0.792893  1.500000  0.207107  2.207107  0.500000  1.207107  0.500000  2.500000  0.792893  2.500000  0.207107  1.500000  1.207107  1.500000  4.792893
 4.500000  0.792893  4.792893  0.500000  4.207107  0.500000  4.500000  1.207107  4.500000  0.207107  4.792893  1.500000  4.207107  1.500000  0.207107  0.500000  3.792893  0.500000
 4.207107  0.500000  4.500000  0.792893  4.500000  0.207107  3.792893  0.500000  4.792893  0.500000  3.500000  0.792893  3.500000  0.207107  4.500000  1.207107  4.500000  4.792893
 4.500000  0.207107  4.207107  0.500000  4.792893  0.500000  4.500000  4.792893  4.500000  0.792893  4.207107  4.500000  4.792893  4.500000  0.207107  0.500000  3.792893  0.500000
 4.792893  0.500000  4.500000  0.792893  4.500000  0.207107  0.207107  0.500000  4.207107  0.500000  0.500000  0.792893  0.500000  0.207107  4.500000  1.207107  4.500000  4.792893
 0.500000  1.792893  0.792893  1.500000  0.207107  1.500000  0.500000  2.207107  0.500000  1.207107  0.792893  2.500000  0.207107  2.500000  1.207107  1.500000  4.792893  1.500000
 0.207107  1.500000  0.500000  1.792893  0.500000  1.207107  4.792893  1.500000  0.792893  1.500000  4.500000  1.792893  4.500000  1.207107  0.500000  2.207107  0.500000  0.792893
 0.500000  1.207107  0.207107  1.500000  0.792893  1.500000  0.500000  0.792893  0.500000  1.792893  0.207107  0.500000  0.792893  0.500000  1.207107  1.500000  4.792893  1.500000
 0.792893  1.500000  0.500000  1.792893  0.500000  1.207107  1.207107  1.500000  0.207107  1.500000  1.500000  1.792893  1.500000  1.207107  0.500000  2.207107  0.500000  0.792893
 0.500000  4.792893  0.792893  4.500000  0.207107  4.500000  0.500000  0.207107  0.500000  4.207107  0.792893  0.500000  0.207107  0.500000  1.207107  4.500000  4.792893  4.500000
 0.207107  4.500000  0.500000  4.792893  0.500000  4.207107  4.792893  4.500000  0.792893  4.500000  4.500000  4.792893  4.500000  4.207107  0.500000  0.207107  0.500000  3.792893
 0.500000  4.207107  0.207107  4.500000  0.792893  4.500000  0.500000  3.792893  0.500000  4.792893  0.207107  3.500000  0.792893  3.500000  1.207107  4.500000  4.792893  4.500000
 0.792893  4.500000  0.500000  4.792893  0.500000  4.207107  1.207107  4.500000  0.207107  4.500000  1.500000  4.792893  1.500000  4.207107  0.500000  0.207107  0.500000  3.792893
 2.500000  0.792893  2.792893  0.500000  2.207107  0.500000  2.500000  1.207107  2.500000  0.207107  2.792893  1.500000  2.207107  1.500000  3.207107  0.500000  1.792893  0.500000
 2.207107  0.500000  2.500000  0.792893  2.500000  0.207107  1.792893  0.500000  2.792893  0.500000  1.500000  0.792893  1.500000  0.207107  2.500000  1.207107  2.500000  4.792893
 2.500000  0.207107  2.207107  0.500000  2.792893  0.500000  2.500000  4.792893  2.500000  0.792893  2.207107  4.500000  2.792893  4.500000  3.207107  0.500000  1.792893  0.500000
 2.792893  0.500000  2.500000  0.792893  2.500000  0.207107  3.207107  0.500000  2.207107  0.500000  3.500000  0.792893  3.500000  0.207107  2.500000  1.207107  2.500000  4.792893
 1.500000  1.792893  1.792893  1.500000  1.207107  1.500000  1.500000  2.207107  1.500000  1.207107  1.792893  2.500000  1.207107  2.500000  2.207107  1.500000  0.792893  1.500000
 1.207107  1.500000  1.500000  1.792893  1.500000  1.207107  0.792893  1.500000  1.792893  1.500000  0.500000  1.792893  0.500000  1.207107  1.500000  2.207107  1.500000  0.792893
 1.500000  1.207107  1.207107  1.500000  1.792893  1.500000  1.500000  0.792893  1.500000  1.792893  1.207107  0.500000  1.792893  0.500000  2.207107  1.500000  0.792893  1.500000
 1.792893  1.500000  1.500000  1.792893  1.500000  1.207107  2.207107  1.500000  1.207107  1.500000  2.500000  1.792893  2.500000  1.207107  1.500000  2.207107  1.500000  0.792893
 1.500000  4.792893  1.792893  4.500000  1.207107  4.500000  1.500000  0.207107  1.500000  4.207107  1.792893  0.500000  1.207107  0.500000  2.207107  4.500000  0.792893  4.500000
 1.207107  4.500000  1.500000  4.792893  1.500000  4.207107  0.792893  4.500000  1.792893  4.500000  0.500000  4.792893  0.500000  4.207107  1.500000  0.207107  1.500000  3.792893
 1.500000  4.207107  1.207107  4.500000  1.792893  4.500000  1.500000  3.792893  1.500000  4.792893  1.207107  3.500000  1.792893  3.500000  2.207107  4.500000  0.792893  4.500000
 1.792893  4.500000  1.500000  4.792893  1.500000  4.207107  2.207107  4.500000  1.207107  4.500000  2.500000  4.792893  2.500000  4.207107  1.500000  0.207107  1.500000  3.792893
 3.500000  0.792893  3.792893  0.500000  3.207107  0.500000  3.500000  1.207107  3.500000  0.207107  3.792893  1.500000  3.207107  1.500000  4.207107  0.500000  2.792893  0.500000
 3.207107  0.500000  3.500000  0.792893  3.500000  0.207107  2.792893  0.500000  3.792893  0.500000  2.500000  0.792893  2.500000  0.207107  3.500000  1.207107  3.500000  4.792893
 3.500000  0.207107  3.207107  0.500000  3.792893  0.500000  3.500000  4.792893  3.500000  0.792893  3.207107  4.500000  3.792893  4.500000  4.207107  0.500000  2.792893  0.500000
 3.792893  0.500000  3.500000  0.792893  3.500000  0.207107  4.207107  0.500000  3.207107  0.500000  4.500000  0.792893  4.500000  0.207107  3.500000  1.207107  3.500000  4.792893
 4.500000  1.792893  4.792893  1.500000  4.207107  1.500000  4.500000  2.207107  4.500000  1.207107  4.792893  2.500000  4.207107  2.500000  0.207107  1.500000  3.792893  1.500000
 4.207107  1.500000  4.500000  1.792893  4.500000  1.207107  3.792893  1.500000  4.792893  1.500000  3.500000  1.792893  3.500000  1.207107  4.500000  2.207107  4.500000  0.792893
 4.500000  1.207107  4.207107  1.500000  4.792893  1.500000  4.500000  0.792893  4.500000  1.792893  4.207107  0.500000  4.792893  0.500000  0.207107  1.500000  3.792893  1.500000
 4.792893  1.500000  4.500000  1.792893  4.500000  1.207107  0.207107  1.500000  4.207107  1.500000  0.500000  1.792893  0.500000  1.207107  4.500000  2.207107  4.500000  0.792893
 4.500000  4.792893  4.792893  4.500000  4.207107  4.500000  4.500000  0.207107  4.500000  4.207107  4.792893  0.500000  4.207107  0.500000  0.207107  4.500000  3.792893  4.500000
 4.207107  4.500000  4.500000  4.792893  4.500000  4.207107  3.792893  4.500000  4.792893  4.500000  3.500000  4.792893  3.500000  4.207107  4.500000  0.207107  4.500000  3.792893
 4.500000  4.207107  4.207107  4.500000  4.792893  4.500000  4.500000  3.792893  4.500000  4.792893  4.207107  3.500000  4.792893  3.500000  0.207107  4.500000  3.792893  4.500000
 4.792893  4.500000  4.500000  4.792893  4.500000  4.207107  0.207107  4.500000  4.207107  4.500000  0.500000  4.792893  0.500000  4.207107  4.500000  0.207107  4.500000  3.792893
 0.500000  2.792893  0.792893  2.500000  0.207107  2.500000  0.500000  3.207107  0.500000  2.207107  0.792893  3.500000  0.207107  3.500000  1.207107  2.500000  4.792893  2.500000
 0.207107  2.500000  0.500000  2.792893  0.500000  2.207107  4.792893  2.500000  0.792893  2.500000  4.500000  2.792893  4.500000  2.207107  0.500000  3.207107  0.500000  1.792893
 0.500000  2.207107  0.207107  2.500000  0.792893  2.500000  0.500000  1.792893  0.500000  2.792893  0.207107  1.500000  0.792893  1.500000  1.207107  2.500000  4.792893  2.500000
 0.792893  2.500000  0.500000  2.792893  0.500000  2.207107  1.207107  2.500000  0.207107  2.500000  1.500000  2.792893  1.500000  2.207107  0.500000  3.207107  0.500000  1.792893
 0.500000  3.792893  0.792893  3.500000  0.207107  3.500000  0.500000  4.207107  0.500000  3.207107  0.792893  4.500000  0.207107  4.500000  1.207107  3.500000  4.792893  3.500000
 0.207107  3.500000  0.500000  3.792893  0.500000  3.207107  4.792893  3.500000  0.792893  3.500000  4.500000  3.792893  4.500000  3.207107  0.500000  4.207107  0.500000  2.792893
 0.500000  3.207107  0.207107  3.500000  0.792893  3.500000  0.500000  2.792893  0.500000  3.792893  0.207107  2.500000  0.792893  2.500000  1.207107  3.500000  4.792893  3.500000
 0.792893  3.500000  0.500000  3.792893  0.500000  3.207107  1.207107  3.500000  0.207107  3.500000  1.500000  3.792893  1.500000  3.207107  0.500000  4.207107  0.500000  2.792893
 2.500000  1.792893  2.792893  1.500000  2.207107  1.500000  2.500000  2.207107  2.500000  1.207107  2.792893  2.500000  2.207107  2.500000  3.207107  1.500000  1.792893  1.500000
 2.207107  1.500000  2.500000  1.792893  2.500000  1.207107  1.792893  1.500000  2.792893  1.500000  1.500000  1.792893  1.500000  1.207107  2.500000  2.207107  2.500000  0.792893
 2.500000  1.207107  2.207107  1.500000  2.792893  1.500000  2.500000  0.792893  2.500000  1.792893  2.207107  0.500000  2.792893  0.500000  3.207107  1.500000  1.792893  1.500000
 2.792893  1.500000  2.500000  1.792893  2.500000  1.207107  3.207107  1.500000  2.207107  1.500000  3.500000  1.792893  3.500000  1.207107  2.500000  2.207107  2.500000  0.792893
 2.500000  4.792893  2.792893  4.500000  2.207107  4.500000  2.500000  0.207107  2.500000  4.207107  2.792893  0.500000  2.207107  0.500000  3.207107  4.500000  1.792893  4.500000
 2.207107  4.500000  2.500000  4.792893  2.500000  4.207107  1.792893  4.500000  2.792893  4.500000  1.500000  4.792893  1.500000  4.207107  2.500000  0.207107  2.500000  3.792893
 2.500000  4.207107  2.207107  4.500000  2.792893  4.500000  2.500000  3.792893  2.500000  4.792893  2.207107  3.500000  2.792893  3.500000  3.207107  4.500000  1.792893  4.500000
 2.792893  4.500000  2.500000  4.792893  2.500000  4.207107  3.207107  4.500000  2.207107  4.500000  3.500000  4.792893  3.500000  4.207107  2.500000  0.207107  2.500000  3.792893
 1.500000  2.792893  1.792893  2.500000  1.207107  2.500000  1.500000  3.207107  1.500000  2.207107  1.792893  3.500000  1.207107  3.500000  2.207107  2.500000  0.792893  2.500000
 1.207107  2.500000  1.500000  2.792893  1.500000  2.207107  0.792893  2.500000  1.792893  2.500000  0.500000  2.792893  0.500000  2.207107  1.500000  3.207107  1.500000  1.792893
 1.500000  2.207107  1.207107  2.500000  1.792893  2.500000  1.500000  1.792893  1.500000  2.792893  1.207107  1.500000  1.792893  1.500000  2.207107  2.500000  0.792893  2.500000
 1.792893  2.500000  1.500000  2.792893  1.500000  2.207107  2.207107  2.500000  1.207107  2.500000  2.500000  2.792893  2.500000  2.207107  1.500000  3.207107  1.500000  1.792893
 1.500000  3.792893  1.792893  3.500000  1.207107  3.500000  1.500000  4.207107  1.500000  3.207107  1.792893  4.500000  1.207107  4.500000  2.207107  3.500000  0.792893  3.500000
 1.207107  3.500000  1.500000  3.792893  1.500000  3.207107  0.792893  3.500000  1.792893  3.500000  0.500000  3.792893  0.500000  3.207107  1.500000  4.207107  1.500000  2.792893
 1.500000  3.207107  1.207107  3.500000  1.792893  3.500000  1.500000  2.792893  1.500000  3.792893  1.207107  2.500000  1.792893  2.500000  2.207107  3.500000  0.792893  3.500000
 1.792893  3.500000  1.500000  3.792893  1.500000  3.207107  2.207107  3.500000  1.207107  3.500000  2.500000  3.792893  2.500000  3.207107  1.500000  4.207107  1.500000  2.792893
 3.500000  1.792893  3.792893  1.500000  3.207107  1.500000  3.500000  2.207107  3.500000  1.207107  3.792893  2.500000  3.207107  2.500000  4.207107  1.500000  2.792893  1.500000
 3.207107  1.500000  3.500000  1.792893  3.500000  1.207107  2.792893  1.500000  3.792893  1.500000  2.500000  1.792893  2.500000  1.207107  3.500000  2.207107  3.500000  0.792893
 3.500000  1.207107  3.207107  1.500000  3.792893  1.500000  3.500000  0.792893  3.500000  1.792893  3.207107  0.500000  3.792893  0.500000  4.207107  1.500000  2.792893  1.500000
 3.792893  1.500000  3.500000  1.792893  3.500000  1.207107  4.207107  1.500000  3.207107  1.500000  4.500000  1.792893  4.500000  1.207107  3.500000  2.207107  3.500000  0.792893
 3.500000  4.792893  3.792893  4.500000  3.207107  4.500000  3.500000  0.207107  3.500000  4.207107  3.792893  0.500000  3.207107  0.500000  4.207107  4.500000  2.792893  4.500000
 3.207107  4.500000  3.500000  4.792893  3.500000  4.207107  2.792893  4.500000  3.792893  4.500000  2.500000  4.792893  2.500000  4.207107  3.500000  0.207107  3.500000  3.792893
 3.500000  4.207107  3.207107  4.500000  3.792893  4.500000  3.500000  3.792893  3.500000  4.792893  3.207107  3.500000  3.792893  3.500000  4.207107  4.500000  2.792893  4.500000
 3.792893  4.500000  3.500000  4.792893  3.500000  4.207107  4.207107  4.500000  3.207107  4.500000  4.500000  4.792893  4.500000  4.207107  3.500000  0.207107  3.500000  3.792893
 4.500000  2.792893  4.792893  2.500000  4.207107  2.500000  4.500000  3.207107  4.500000  2.207107  4.792893  3.500000  4.207107  3.500000  0.207107  2.500000  3.792893  2.500000
 4.207107  2.500000  4.500000  2.792893  4.500000  2.207107  3.792893  2.500000  4.792893  2.500000  3.500000  2.792893  3.500000  2.207107  4.500000  3.207107  4.500000  1.792893
 4.500000  2.207107  4.207107  2.500000  4.792893  2.500000  4.500000  1.792893  4.500000  2.792893  4.207107  1.500000  4.792893  1.500000  0.207107  2.500000  3.792893  2.500000
 4.792893  2.500000  4.500000  2.792893  4.500000  2.207107  0.207107  2.500000  4.207107  2.500000  0.500000  2.792893  0.500000  2.207107  4.500000  3.207107  4.500000  1.792893
 4.500000  3.792893  4.792893  3.500000  4.207107  3.500000  4.500000  4.207107  4.500000  3.207107  4.792893  4.500000  4.207107  4.500000  0.207107  3.500000  3.792893  3.500000
 4.207107  3.500000  4.500000  3.792893  4.500000  3.207107  3.792893  3.500000  4.792893  3.500000  3.500000  3.792893  3.500000  3.207107  4.500000  4.207107  4.500000  2.792893
 4.500000  3.207107  4.207107  3.500000  4.792893  3.500000  4.500000  2.792893  4.500000  3.792893  4.207107  2.500000  4.792893  2.500000  0.207107  3.500000  3.792893  3.500000
 4.792893  3.500000  4.500000  3.792893  4.500000  3.207107  0.207107  3.500000  4.207107  3.500000  0.500000  3.792893  0.500000  3.207107  4.500000  4.207107  4.500000  2.792893
 2.500000  2.792893  2.792893  2.500000  2.207107  2.500000  2.500000  3.207107  2.500000  2.207107  2.792893  3.500000  2.207107  3.500000  3.207107  2.500000  1.792893  2.500000
 2.207107  2.500000  2.500000  2.792893  2.500000  2.207107  1.792893  2.500000  2.792893  2.500000  1.500000  2.792893  1.500000  2.207107  2.500000  3.207107  2.500000  1.792893
 2.500000  2.207107  2.207107  2.500000  2.792893  2.500000  2.500000  1.792893  2.500000  2.792893  2.207107  1.500000  2.792893  1.500000  3.207107  2.500000  1.792893  2.500000
 2.792893  2.500000  2.500000  2.792893  2.500000  2.207107  3.207107  2.500000  2.207107  2.500000  3.500000  2.792893  3.500000  2.207107  2.500000  3.207107  2.500000  1.792893
 2.500000  3.792893  2.792893  3.500000  2.207107  3.500000  2.500000  4.207107  2.500000  3.207107  2.792893  4.500000  2.207107  4.500000  3.207107  3.500000  1.792893  3.500000
 2.207107  3.500000  2.500000  3.792893  2.500000  3.207107  1.792893  3.500000  2.792893  3.500000  1.500000  3.792893  1.500000  3.207107  2.500000  4.207107  2.500000  2.792893
 2.500000  3.207107  2.207107  3.500000  2.792893  3.500000  2.500000  2.792893  2.500000  3.792893  2.207107  2.500000  2.792893  2.500000  3.207107  3.500000  1.792893  3.500000
 2.792893  3.500000  2.500000  3.792893  2.500000  3.207107  3.207107  3.500000  2.207107  3.500000  3.500000  3.792893  3.500000  3.207107  2.500000  4.207107  2.500000  2.792893
 3.500000  2.792893  3.792893  2.500000  3.207107  2.500000  3.500000  3.207107  3.500000  2.207107  3.792893  3.500000  3.207107  3.500000  4.207107  2.500000  2.792893  2.500000
 3.207107  2.500000  3.500000  2.792893  3.500000  2.207107  2.792893  2.500000  3.792893  2.500000  2.500000  2.792893  2.500000  2.207107  3.500000  3.207107  3.500000  1.792893
 3.500000  2.207107  3.207107  2.500000  3.792893  2.500000  3.500000  1.792893  3.500000  2.792893  3.207107  1.500000  3.792893  1.500000  4.207107  2.500000  2.792893  2.500000
 3.792893  2.500000  3.500000  2.792893  3.500000  2.207107  4.207107  2.500000  3.207107  2.500000  4.500000  2.792893  4.500000  2.207107  3.500000  3.207107  3.500000  1.792893
 3.500000  3.792893  3.792893  3.500000  3.207107  3.500000  3.500000  4.207107  3.500000  3.207107  3.792893  4.500000  3.207107  4.500000  4.207107  3.500000  2.792893  3.500000
 3.207107  3.500000  3.500000  3.792893  3.500000  3.207107  2.792893  3.500000  3.792893  3.500000  2.500000  3.792893  2.500000  3.207107  3.500000  4.207107  3.500000  2.792893
 3.500000  3.207107  3.207107  3.500000  3.792893  3.500000  3.500000  2.792893  3.500000  3.792893  3.207107  2.500000  3.792893  2.500000  4.207107  3.500000  2.792893  3.500000
 3.792893  3.500000  3.500000  3.792893  3.500000  3.207107  4.207107  3.500000  3.207107  3.500000  4.500000  3.792893  4.500000  3.207107  3.500000  4.207107  3.500000  2.792893
