  0.50000000000000000       0.79289321899999998     
   1.5000000000000000       0.79289321899999998     
   9.5000000000000000       0.79289321899999998     
  0.50000000000000000        1.7928932190000000     
  0.50000000000000000        9.7928932189999998     
   2.5000000000000000       0.79289321899999998     
   1.5000000000000000        1.7928932190000000     
   1.5000000000000000        9.7928932189999998     
   8.5000000000000000       0.79289321899999998     
   9.5000000000000000        1.7928932190000000     
   9.5000000000000000        9.7928932189999998     
  0.50000000000000000        2.7928932189999998     
  0.50000000000000000        8.7928932189999998     
   3.5000000000000000       0.79289321899999998     
   2.5000000000000000        1.7928932190000000     
   2.5000000000000000        9.7928932189999998     
   1.5000000000000000        2.7928932189999998     
   1.5000000000000000        8.7928932189999998     
   7.5000000000000000       0.79289321899999998     
   8.5000000000000000        1.7928932190000000     
   8.5000000000000000        9.7928932189999998     
   9.5000000000000000        2.7928932189999998     
   9.5000000000000000        8.7928932189999998     
  0.50000000000000000        3.7928932189999998     
  0.50000000000000000        7.7928932189999998     
   4.5000000000000000       0.79289321899999998     
   3.5000000000000000        1.7928932190000000     
   3.5000000000000000        9.7928932189999998     
   2.5000000000000000        2.7928932189999998     
   2.5000000000000000        8.7928932189999998     
   1.5000000000000000        3.7928932189999998     
   1.5000000000000000        7.7928932189999998     
   6.5000000000000000       0.79289321899999998     
   7.5000000000000000        1.7928932190000000     
   7.5000000000000000        9.7928932189999998     
   8.5000000000000000        2.7928932189999998     
   8.5000000000000000        8.7928932189999998     
   9.5000000000000000        3.7928932189999998     
   9.5000000000000000        7.7928932189999998     
  0.50000000000000000        4.7928932189999998     
  0.50000000000000000        6.7928932189999998     
   5.5000000000000000       0.79289321899999998     
   4.5000000000000000        1.7928932190000000     
   4.5000000000000000        9.7928932189999998     
   3.5000000000000000        2.7928932189999998     
   3.5000000000000000        8.7928932189999998     
   2.5000000000000000        3.7928932189999998     
   2.5000000000000000        7.7928932189999998     
   1.5000000000000000        4.7928932189999998     
   1.5000000000000000        6.7928932189999998     
   6.5000000000000000        1.7928932190000000     
   6.5000000000000000        9.7928932189999998     
   7.5000000000000000        2.7928932189999998     
   7.5000000000000000        8.7928932189999998     
   8.5000000000000000        3.7928932189999998     
   8.5000000000000000        7.7928932189999998     
   9.5000000000000000        4.7928932189999998     
   9.5000000000000000        6.7928932189999998     
  0.50000000000000000        5.7928932189999998     
   5.5000000000000000        1.7928932190000000     
   5.5000000000000000        9.7928932189999998     
   4.5000000000000000        2.7928932189999998     
   4.5000000000000000        8.7928932189999998     
   3.5000000000000000        3.7928932189999998     
   3.5000000000000000        7.7928932189999998     
   2.5000000000000000        4.7928932189999998     
   2.5000000000000000        6.7928932189999998     
   1.5000000000000000        5.7928932189999998     
   6.5000000000000000        2.7928932189999998     
   6.5000000000000000        8.7928932189999998     
   7.5000000000000000        3.7928932189999998     
   7.5000000000000000        7.7928932189999998     
   8.5000000000000000        4.7928932189999998     
   8.5000000000000000        6.7928932189999998     
   9.5000000000000000        5.7928932189999998     
   5.5000000000000000        2.7928932189999998     
   5.5000000000000000        8.7928932189999998     
   4.5000000000000000        3.7928932189999998     
   4.5000000000000000        7.7928932189999998     
   3.5000000000000000        4.7928932189999998     
   3.5000000000000000        6.7928932189999998     
   2.5000000000000000        5.7928932189999998     
   6.5000000000000000        3.7928932189999998     
   6.5000000000000000        7.7928932189999998     
   7.5000000000000000        4.7928932189999998     
   7.5000000000000000        6.7928932189999998     
   8.5000000000000000        5.7928932189999998     
   5.5000000000000000        3.7928932189999998     
   5.5000000000000000        7.7928932189999998     
   4.5000000000000000        4.7928932189999998     
   4.5000000000000000        6.7928932189999998     
   3.5000000000000000        5.7928932189999998     
   6.5000000000000000        4.7928932189999998     
   6.5000000000000000        6.7928932189999998     
   7.5000000000000000        5.7928932189999998     
   5.5000000000000000        4.7928932189999998     
   5.5000000000000000        6.7928932189999998     
   4.5000000000000000        5.7928932189999998     
   6.5000000000000000        5.7928932189999998     
   5.5000000000000000        5.7928932189999998     
